--[[DeadLix V1.8.9]]
local LLUnJZGQxBNE1=debug and type(debug.getinfo)=="function" and debug.getinfo(1,"S") and debug.getinfo(1,"S").what=="C"
if LLUnJZGQxBNE1 then return function() end end
local ororjTwvs2D3Olu7=("").char
local L2_7v5LRWLZ8LkLW=function(a,b)
  a=a%256
  b=b%256
  local r,bit=0,1
  for i=1,8 do
    local x,y=a%2,b%2
    if x~=y then r=r+bit end
    a=math.floor((a-x)/2)
    b=math.floor((b-y)/2)
    bit=bit*2
  end
  return r
end
local L5leQCpVRMCGDk=type(string)=="table" and type(table)=="table" and type(_G)=="table"
if not L5leQCpVRMCGDk then return function() end end
local code01_9=ororjTwvs2D3Olu7(65)
if code01_9~=ororjTwvs2D3Olu7(65) then return function() end end

local LTask_aO_BCIkDnq74=273
local L69pR0ZydHL3mNk=(LTask_aO_BCIkDnq74*LTask_aO_BCIkDnq74)>=0
local L8code2FXkTenJAzNp=type(LTask_aO_BCIkDnq74)=="number"
local loadorloadstring186552764636463end3=(LTask_aO_BCIkDnq74%1)~=LTask_aO_BCIkDnq74+1

local or1WJVngUPNltUj=77
local Lcodeloadorloadstring186552764636463endor={}
local Lloadorloadstring186552764636463end5=function(loadorloadstring186552764636463endcode98)
  return loadorloadstring186552764636463endcode98
end
local L52_5xMt82uHg1dzp=function(L5NT1tzQMnGhWb)
  if L5NT1tzQMnGhWb==nil then return 0 end
  return type(L5NT1tzQMnGhWb)=="number" and L5NT1tzQMnGhWb+13 or 0
end
if or1WJVngUPNltUj>3684 then
  Lcodeloadorloadstring186552764636463endor[1]=Lloadorloadstring186552764636463end5(or1WJVngUPNltUj)
  Lcodeloadorloadstring186552764636463endor[2]=L52_5xMt82uHg1dzp(or1WJVngUPNltUj)
end
local LorxsExrfmPQwW5=type(Lcodeloadorloadstring186552764636463endor)=="table" and #Lcodeloadorloadstring186552764636463endor or 0
local L1_H7d8ANbrHg1o=LorxsExrfmPQwW5+16
if L1_H7d8ANbrHg1o<0 then
  Lcodeloadorloadstring186552764636463endor[77]=Lloadorloadstring186552764636463end5
end
local L32_8oVyEVP28h3h9=12
local L11YEHqHMcr4X8_={}
local loadorloadstring186552764636463end1=function(L60codeICFd_ITOI1rP)
  return L60codeICFd_ITOI1rP
end
local L3_1SkwRhEhO84nA=function(L55qv0hRWZ2_MNI)
  if L55qv0hRWZ2_MNI==nil then return 0 end
  return type(L55qv0hRWZ2_MNI)=="number" and L55qv0hRWZ2_MNI+4 or 0
end
if L32_8oVyEVP28h3h9>9688 then
  L11YEHqHMcr4X8_[1]=loadorloadstring186552764636463end1(L32_8oVyEVP28h3h9)
  L11YEHqHMcr4X8_[2]=L3_1SkwRhEhO84nA(L32_8oVyEVP28h3h9)
end
local loadorloadstring186552764636463end0=type(L11YEHqHMcr4X8_)=="table" and #L11YEHqHMcr4X8_ or 0
local orcode1_=loadorloadstring186552764636463end0+16
if orcode1_<0 then
  L11YEHqHMcr4X8_[12]=loadorloadstring186552764636463end1
end
local L20jOvtscJpfne3=49
local L1_6or5c_YF1g8xoR7K={}
local L2_Task_=function(L98OBypr5zMfeaU)
  return L98OBypr5zMfeaU
end
local L7BcwFhLZuHj62=function(L1_code4sowSnXRgzgx)
  if L1_code4sowSnXRgzgx==nil then return 0 end
  return type(L1_code4sowSnXRgzgx)=="number" and L1_code4sowSnXRgzgx+38 or 0
end
if L20jOvtscJpfne3>9009 then
  L1_6or5c_YF1g8xoR7K[1]=L2_Task_(L20jOvtscJpfne3)
  L1_6or5c_YF1g8xoR7K[2]=L7BcwFhLZuHj62(L20jOvtscJpfne3)
end
local L063Uo9ErorLr5KN=type(L1_6or5c_YF1g8xoR7K)=="table" and #L1_6or5c_YF1g8xoR7K or 0
local L2_1_CqtcFc4g1_Sv=L063Uo9ErorLr5KN+9
if L2_1_CqtcFc4g1_Sv<0 then
  L1_6or5c_YF1g8xoR7K[49]=L2_Task_
end

local L2_22qiME0AG84HiF={
  ["L0_nlfUsfiqX5Y"]=67,
  ["L3_4Task_3"]="LcodeMk0BONJWCOF4",
  ["L4Task_3_"]=function() return nil end,
  ["L2_XkzUz3KePMOf"]={}
}
local or97RxPlYFVCHTsd={
  ["L0or4q5QrbO8wfkfj"]=78,
  ["Lor3_5TG2WqimWlz_"]="Lab3_203200",
  ["L63cUDe14zvksKf"]=function() return nil end,
  ["L9codeloadorloadstring186552764636463end"]={}
}

local L19uzIF2E_9cvVq=4
local L5codeloadorloadstring186552764636463end={}
local L7BOV_B6YvHJxs=0
while L19uzIF2E_9cvVq>0 do
  if L19uzIF2E_9cvVq==1 then
    L7BOV_B6YvHJxs=L7BOV_B6YvHJxs+1
    L19uzIF2E_9cvVq=0
  elseif L19uzIF2E_9cvVq==2 then
    L5codeloadorloadstring186552764636463end[#L5codeloadorloadstring186552764636463end+1]=L7BOV_B6YvHJxs
    L19uzIF2E_9cvVq=1
  elseif L19uzIF2E_9cvVq==3 then
    L19uzIF2E_9cvVq=2
  else
    L19uzIF2E_9cvVq=0
  end
  if L7BOV_B6YvHJxs>9999 then break end
end

local L75uqlcTfrhsHq="APD2MGLG262HNTLB479D7ZS6B9L2"
local L2code9C9v2AeGHfQk="C"
local L669FgR0DILUx5qj={}
local LTask_0pHZKfbF90XFk=1
while false do
  local L812JmYKXF7LIMw=string.find(L75uqlcTfrhsHq..L2code9C9v2AeGHfQk,L2code9C9v2AeGHfQk,LTask_0pHZKfbF90XFk,true)
  if not L812JmYKXF7LIMw then break end
  local LTask_code2_=string.sub(L75uqlcTfrhsHq,LTask_0pHZKfbF90XFk,L812JmYKXF7LIMw-1)
  L669FgR0DILUx5qj[#L669FgR0DILUx5qj+1]=LTask_code2_
  LTask_0pHZKfbF90XFk=L812JmYKXF7LIMw+1
end

local L0ljwRzq1BNSFJ=61
local Lcode1Z7KM6XM9pVWD=(L0ljwRzq1BNSFJ*L0ljwRzq1BNSFJ)>=0
local L853vtsXSCa8WVdn=type(L0ljwRzq1BNSFJ)=="number"
local L1oryortA05exyYH=(L0ljwRzq1BNSFJ%9)~=L0ljwRzq1BNSFJ+1

local L3_xfQPjuPXaZ_2=47
local L9619IpLWmKftTA7o={}
local L0h_7cFenX9352=function(L854JQzbmXPT_Y5W)
  return L854JQzbmXPT_Y5W
end
local L83_3_3_=function(L3loadorloadstring186552764636463endTask_)
  if L3loadorloadstring186552764636463endTask_==nil then return 0 end
  return type(L3loadorloadstring186552764636463endTask_)=="number" and L3loadorloadstring186552764636463endTask_+19 or 0
end
if L3_xfQPjuPXaZ_2>313 then
  L9619IpLWmKftTA7o[1]=L0h_7cFenX9352(L3_xfQPjuPXaZ_2)
  L9619IpLWmKftTA7o[2]=L83_3_3_(L3_xfQPjuPXaZ_2)
end
local L53A8Y0JMWlN1zM=type(L9619IpLWmKftTA7o)=="table" and #L9619IpLWmKftTA7o or 0
local L3_37m5qgw4sucUxp=L53A8Y0JMWlN1zM+4
if L3_37m5qgw4sucUxp<0 then
  L9619IpLWmKftTA7o[47]=L0h_7cFenX9352
end
local codeC54IVXzuDa7c=26
local L3_ab3_2032006ab3_203200={}
local L20djGtUOPjVgHS=function(loadorloadstring186552764636463end_161_196)
  return loadorloadstring186552764636463end_161_196
end
local L50J5wBnoJuJSWU=function(L9BEqCog7F9lJ5)
  if L9BEqCog7F9lJ5==nil then return 0 end
  return type(L9BEqCog7F9lJ5)=="number" and L9BEqCog7F9lJ5+4 or 0
end
if codeC54IVXzuDa7c>6863 then
  L3_ab3_2032006ab3_203200[1]=L20djGtUOPjVgHS(codeC54IVXzuDa7c)
  L3_ab3_2032006ab3_203200[2]=L50J5wBnoJuJSWU(codeC54IVXzuDa7c)
end
local L38f0kIPzeiTU91=type(L3_ab3_2032006ab3_203200)=="table" and #L3_ab3_2032006ab3_203200 or 0
local L3_6KmjKwov5BzlC=L38f0kIPzeiTU91+5
if L3_6KmjKwov5BzlC<0 then
  L3_ab3_2032006ab3_203200[26]=L20djGtUOPjVgHS
end
local L8codeqbi9AhpNqMG8=90
local loadorloadstring186552764636463end2_78={}
local L8orl1eFNWZ0SQn_=function(L5KD0LTO9ZETH)
  return L5KD0LTO9ZETH
end
local L44tZFcwZQ7pAkp=function(L3_Task_code)
  if L3_Task_code==nil then return 0 end
  return type(L3_Task_code)=="number" and L3_Task_code+20 or 0
end
if L8codeqbi9AhpNqMG8>5208 then
  loadorloadstring186552764636463end2_78[1]=L8orl1eFNWZ0SQn_(L8codeqbi9AhpNqMG8)
  loadorloadstring186552764636463end2_78[2]=L44tZFcwZQ7pAkp(L8codeqbi9AhpNqMG8)
end
local L53jl3n7zViLMbm=type(loadorloadstring186552764636463end2_78)=="table" and #loadorloadstring186552764636463end2_78 or 0
local L2TEFdTShBftOG=L53jl3n7zViLMbm+9
if L2TEFdTShBftOG<0 then
  loadorloadstring186552764636463end2_78[90]=L8orl1eFNWZ0SQn_
end

local or2_CghaL2XSOTXU=ororjTwvs2D3Olu7(102,105,110,100)
local code0HBc7RoxOKbqI=ororjTwvs2D3Olu7(115,117,98)
local loadorloadstring186552764636463endcode9=ororjTwvs2D3Olu7(99,111,110,99,97,116)
local L2_3_2yNjrTeAUS058=ororjTwvs2D3Olu7(98,121,116,101)
local Lor83_5ljnzRKq0Zi7=string[or2_CghaL2XSOTXU]
local L4030sXd48BclpyV=string[code0HBc7RoxOKbqI]
local ab3_20320061=table[loadorloadstring186552764636463endcode9]
local Lloadorloadstring186552764636463end=string[L2_3_2yNjrTeAUS058]
local LEjCD1NrZPokB=type(Lor83_5ljnzRKq0Zi7)=="function" and type(L4030sXd48BclpyV)=="function" and type(ab3_20320061)=="function" and type(Lloadorloadstring186552764636463end)=="function"
if not LEjCD1NrZPokB then return function() end end
local L026WkUI_kyrsUVB={f=Lor83_5ljnzRKq0Zi7,s=L4030sXd48BclpyV,c=ab3_20320061,b=Lloadorloadstring186552764636463end}
local L0ab3_203200=L026WkUI_kyrsUVB.b(ororjTwvs2D3Olu7(65),1)
if L0ab3_203200~=65 then return function() end end

local LHEemxLVdDCl1={28,3,157,130,14,61,159,169,97,209,180,139,2,26,179,234,201,20,170,152,35,36,184,222,155,38,11,243,250,183,63,192,133,247,43,223,224,135,105,59,166,157,222,97,79,248,53,41,3,234,248,121,65,47,153,71,16,33,172,212,119,102,145,228,4,124,79,252,180,40,231,151,178,102,47,147,147,161,107,86,199,248,60,123,180,239,32,124,162,243,28,74,42,149,38,38,32,221,169,70,229,166,217,34,85,72,247,63,124,162,245,227,27,51,207,140,183,64,170,255,50,31,70,152,212,11,36,143,137,19,70,66,225,59,5,7,247,48,85,72,92,249,24,19,182,130,42,27,23,136,133,167,55,162,235,111,28,175,132,162,39,17,212,217,129,69,66,243,206,111,62,250,107,107,48,142,175,197,17,251,247,58,59,94,230,219,124,77,84,216,52,93,172,140,106,123,82,146,150,11,212,211,149,119,122,209,234,85,19,222,175,103,97,122,255,206,99,120,187,192,216,14,104,209,45,66,168,195,51,69,109,251,140,131,120,70,175,36,105,68,170,250,213,8,92,216,243,46,97,201,230,69,1,224,199,93,5,234,246,135,1,215,205,181,126,7,150,254,7,120,75,230,218,106,83,180,84,23,59,185,235,105,95,247,190,34,124,47,129,179,113,66,159,199,171,110,231,167,79,10,39,238,137,104,14,163,151,59,8,82,189,205,69,217,255,246,101,118,178,207,20,123,168,128,210,63,23,208,223,137,83,86,229,222,25,202,253,67,35,12,236,153,43,45,39,143,0,29,136,132,41,2,97,156,224,112,73,217,202,67,25,43,174,65,19,56,157,219,76,53,247,176,52,57,232,192,186,79,13,222,121,126,44,221,212,115,62,39,237,212,102,81,249,214,201,90,190,156,45,116,92,212,63,101,3,248,172,212,28,68,138,201,88,118,144,191,27,47,227,62,101,105,196,132,165,101,3,229,67,20,213,176,48,37,28,179,158,22,118,65,152,49,25,102,182,44,116,85,169,136,51,117,76,142,212,122,183,167,129,100,126,251,195,173,27,193,146,167,46,82,241,224,31,98,130,250,205,122,54,243,107,76,43,224,219,62,35,14,142,164,41,11,222,167,119,47,168,149,48,5,228,143,215,88,160,213,215,97,27,251,204,81,68,176,213,206,61,168,172,60,5,124,239,197,73,15,53,183,94,98,72,215,131,66,7,136,201,2,61,159,255,179,126,176,227,183,23,226,170,187,217,21,247,227,46,109,178,128,249,10,127,94,218,62,29,245,140,101,65,9,186,151,222,107,54,154,223,75,81,210,218,101,187,137,143,123,64,41,224,18,25,180,205,218,100,86,229,185,174,7,241,153,60,107,138,141,190,22,120,249,165,100,5,233,185,34,23,166,155,78,32,253,233,182,62,3,206,156,124,9,13,162,163,90,252,247,108,113,94,205,129,38,10,105,229,198,45,162,138,220,43,126,78,152,215,65,51,252,180,56,124,184,242,13,15,135,212,42,3,105,237,87,75,94,151,242,10,127,128,225,200,124,88,241,204,48,160,240,239,83,96,213,151,125,100,223,152,175,104,90,153,143,15,26,66,227,55,15,253,249,196,17,120,156,133,38,93,172,216,204,77,39,194,101,81,41,152,133,32,39,226,225,207,104,15,230,234,55,80,23,215,146,24,19,176,42,56,207,253,136,77,52,228,135,152,53,144,229,17,10,174,155,243,0,121,136,234,54,69,170,240,216,41,199,175,146,84,78,176,246,58,123,186,236,94,63,105,252,198,99,187,213,131,105,10,207,182,202,105,88,231,202,122,82,85,218,58,3,218,246,211,1,183,212,200,79,117,39,239,179,16,3,182,236,45,80,129,216,10,182,171,137,112,71,15,191,242,103,182,249,64,46,75,245,145,122,24,255,247,187,3,217,152,137,42,176,131,208,63,100,180,142,211,99,44,219,141,47,20,219,240,67,40,90,244,47,69,44,227,147,43,126,235,232,109,14,57,225,179,81,176,141,241,29,36,253,185,145,2,63,182,147,78,37,191,160,40,19,189,139,127,55,90,229,32,60,81,136,235,54,76,186,197,204,79,85,201,205,71,213,236,231,107,90,214,145,207,84,208,227,157,15,8,136,187,45,3,255,191,24,125,64,134,55,102,125,128,206,52,119,51,244,123,105,193,156,75,113,14,129,181,201,10,160,233,31,11,221,235,210,79,108,76,135,220,3,64,152,218,7,92,250,52,124,103,167,202,180,102,251,153,89,61,17,239,134,102,59,75,185,95,43,162,239,2,126,69,146,229,100,76,158,203,94,101,191,246,48,106,192,229,35,106,63,253,142,26,85,252,196,134,43,47,200,127,104,242,253,146,115,14,199,139,226,120,71,173,32,11,94,162,240,203,26,86,172,231,77,43,224,180,60,116,140,194,17,114,178,227,185,19,228,162,177,123,11,231,145,2,27,116,250,213,100,95,176,62,4,117,221,230,83,17,255,230,161,22,45,234,139,23,14,156,173,223,107,221,139,18,125,94,250,227,24,29,186,194,50,79,74,208,209,82,179,139,239,114,115,74,206,100,127,87,131,152,73,121,221,229,196,31,73,237,174,33,251,185,48,69,74,225,248,37,55,32,177,93,87,176,239,54,113,2,155,173,1,62,82,175,41,31,51,195,42,21,80,158,215,46,127,186,224,32,123,205,238,143,67,51,132,91,89,28,155,153,63,65,44,185,155,39,78,151,192,167,91,192,141,32,13,63,236,85,107,36,186,244,163,31,59,255,234,123,103,254,204,125,93,229,91,91,98,255,142,202,97,104,159,60,18,180,191,186,36,31,247,143,64,110,63,233,93,119,9,76,163,4,80,167,248,43,20,72,134,223,99,40,163,203,105,96,195,204,177,6,167,199,162,97,45,213,224,109,102,243,128,200,126,55,189,93,123,124,165,211,120,100,35,153,131,75,23,180,159,42,112,177,244,37,124,174,218,207,112,190,191,129,5,34,176,161,59,55,35,185,202,77,86,168,59,26,99,232,214,62,17,63,176,117,53,17,158,183,2,3,218,242,69,83,245,193,137,9,224,254,137,21,33,221,135,212,25,142,132,43,30,189,132,246,4,123,52,205,37,31,241,128,97,93,53,190,155,218,111,95,238,205,28,91,247,192,103,219,150,175,115,10,21,238,55,6,237,146,206,22,73,225,236,176,13,12,206,61,8,224,251,149,35,40,230,161,31,61,201,149,58,25,168,242,55,122,167,172,254,42,65,144,254,35,81,4,173,173,78,170,245,140,50,22,253,205,126,75,44,190,153,120,247,154,189,37,124,64,159,213,42,101,184,248,58,125,164,236,22,89,235,215,108,48,126,130,42,34,65,128,255,2,126,232,245,135,28,5,167,159,56,211,146,135,66,27,138,211,73,116,33,235,168,1,65,154,172,7,73,49,135,93,17,197,172,175,23,8,156,132,39,43,212,133,139,11,86,205,32,67,120,157,141,207,43,255,245,149,88,124,214,241,159,5,22,158,169,7,37,225,93,98,193,178,216,9,14,187,194,194,126,133,146,90,24,161,203,255,76,102,225,233,161,45,195,242,183,60,166,245,202,5,74,170,228,57,21,218,177,103,49,126,197,198,105,194,181,131,122,85,253,243,216,9,70,151,152,112,107,25,219,102,8,195,143,191,3,221,128,189,58,114,69,158,205,54,106,168,241,65,10,197,159,93,172,33,238,125,100,73,139,140,85,225,203,44,75,90,205,238,79,1,253,159,208,115,67,253,132,157,15,199,240,77,104,221,252,192,1,21,139,152,108,109,179,145,69,49,88,227,62,42,71,76,245,20,124,128,237,119,16,63,191,129,36,33,130,149,4,71,177,244,176,3,61,175,168,40,27,77,227,95,31,184,143,54,88,87,134,47,32,110,134,151,65,74,219,183,161,82,43,209,188,39,221,242,169,77,15,162,233,194,63,212,237,203,19,92,207,174,58,28,199,209,123,67,84,153,61,11,4,197,137,107,116,59,226,127,116,189,131,32,108,37,143,178,220,63,187,243,119,9,76,241,246,62,113,74,153,194,22,84,141,214,24,91,254,51,21,30,251,159,133,106,195,132,93,24,91,175,221,36,112,47,211,161,51,215,156,121,96,66,175,250,97,80,154,238,61,100,192,237,91,115,223,153,53,109,62,184,160,109,7,215,191,212,107,119,243,92,121,15,251,214,79,10,197,240,253,99,92,210,109,87,0,247,234,221,8,49,228,240,74,125,235,241,114,122,197,219,105,111,219,224,137,0,178,185,212,109,122,132,246,5,106,28,233,209,62,29,245,110,16,55,240,142,66,49,241,160,137,70,30,193,136,65,72,247,195,208,4,75,249,46,43,70,242,250,21,6,186,216,205,63,19,176,146,56,80,178,146,25,18,82,196,69,123,37,247,236,111,121,30,154,169,3,45,237,173,14,217,228,42,37,84,145,146,32,88,89,138,1,17,168,234,36,73,125,206,228,99,107,39,175,77,12,53,190,36,119,68,131,200,40,98,167,138,35,125,254,183,175,124,68,221,112,34,58,195,211,104,101,0,166,141,38,59,228,135,199,92,180,151,35,8,87,236,48,6,109,184,244,194,25,63,249,182,114,126,182,242,12,67,242,40,204,23,175,253,169,120,55,143,114,50,219,161,165,81,125,160,243,52,14,83,228,213,12,126,74,211,108,109,203,146,159,75,31,156,173,20,37,248,159,159,119,250,196,179,15,207,199,169,206,7,144,250,29,112,131,234,236,122,65,211,206,125,25,155,216,75,27,50,147,239,32,124,172,248,205,103,42,163,123,59,180,185,194,111,194,176,233,85,1,250,218,95,85,37,129,175,62,37,190,52,23,116,149,202,58,4,73,187,68,35,5,199,202,65,122,197,158,117,44,132,169,220,118,79,149,154,67,11,21,246,189,96,253,246,123,90,176,145,244,13,8,64,185,55,113,249,177,193,72,118,215,243,171,113,51,150,191,8,84,155,220,31,168,252,248,49,44,86,163,39,64,82,135,217,17,1,159,232,175,116,74,217,56,5,138,248,192,51,126,252,176,25,119,189,140,51,33,67,220,44,31,185,221,149,77,86,233,158,56,109,86,151,224,22,182,191,210,72,25,252,136,35,88,59,169,136,50,227,196,194,124,47,19,194,175,96,60,227,166,111,106,213,229,36,80,135,155,204,103,100,156,54,59,82,246,230,1,25,207,174,188,108,78,254,222,59,160,150,144,58,31,155,154,52,113,79,246,219,23,34,158,213,29,54,61,129,161,21,249,245,138,33,98,141,142,74,55,77,189,171,63,27,234,153,50,19,142,148,155,29,248,173,222,15,120,177,244,155,9,18,130,181,3,41,229,89,126,197,190,212,5,10,167,206,222,122,129,240,51,75,173,196,146,113,117,235,137,163,92,201,150,214,33,160,235,220,24,110,191,139,62,23,213,151,34,11,19,208,203,0,198,177,143,126,81,249,255,220,13,66,155,156,120,59,73,128,44,123,167,229,129,3,176,243,246,60,13,64,129,200,42,102,189,236,44,28,142,179,3,35,37,171,33,124,88,151,231,109,209,199,204,77,92,188,151,34,5,180,140,238,125,60,193,163,156,29,128,243,46,121,74,215,207,82,92,233,197,97,109,39,250,75,76,86,137,34,63,88,74,232,17,14,152,246,31,27,14,169,149,109,84,193,228,99,46,160,244,197,127,12,239,181,107,18,37,154,161,6,183,149,76,5,19,219,44,91,122,239,252,33,21,191,134,218,7,65,215,169,73,176,255,238,10,83,186,155,246,110,190,233,220,108,73,253,229,116,122,195,239,127,71,57,156,161,102,124,147,196,213,126,80,142,55,117,160,251,81,125,114,243,147,170,87,229,151,70,98,33,155,133,85,101,70,241,204,18,83,146,203,14,92,132,215,98,0,190,216,177,113,197,255,202,59,85,168,240,25,107,45,131,163,90,213,128,16,117,92,177,236,116,68,143,156,59,103,173,229,168,93,13,169,38,161,104,201,209,116,3,221,136,131,79,45,138,91,52,37,202,218,87,23,201,237,179,123,8,188,81,7,61,209,229,194,121,112,162,255,58,111,174,248,60,123,220,139,66,12,83,149,225,123,33,192,205,115,34,223,163,76,30,57,176,254,34,1,241,98,95,32,12,195,68,61,172,155,199,22,94,145,215,16,83,158,218,210,29,76,252,46,43,49,167,166,70,4,164,196,212,119,52,236,199,109,71,250,148,119,99,43,175,65,116,41,142,230,57,114,81,154,222,28,69,245,166,89,243,161,56,77,66,233,240,54,5,81,170,10,111,165,245,81,127,14,245,238,4,103,68,197,58,10,84,185,40,122,52,151,135,64,47,249,163,38,21,174,137,140,61,72,152,184,165,6,201,221,99,60,47,240,189,31,12,161,171,153,78,33,190,79,112,117,254,54,106,53,248,156,197,74,49,249,176,50,61,230,248,114,9,209,152,139,60,232,245,156,45,114,245,61,34,74,187,193,56,21,184,158,44,9,106,230,206,19,23,19,152,66,112,162,236,212,29,88,150,168,6,21,135,210,214,29,167,185,187,99,188,201,196,200,101,132,239,2,14,150,151,158,105,87,232,151,125,38,156,137,96,96,28,205,183,104,55,10,200,145,86,29,158,95,125,174,212,235,27,178,181,238,4,14,167,196,52,84,71,135,149,102,16,184,46,14,108,145,152,46,0,7,237,81,97,68,201,221,120,122,207,231,75,5,251,164,189,6,74,249,248,55,92,74,228,247,122,173,247,68,69,255,207,144,115,106,55,152,41,73,159,174,212,125,101,213,227,169,24,57,138,238,45,82,141,194,2,76,225,159,38,59,55,229,36,67,37,158,207,96,108,134,254,216,57,25,130,99,0,183,228,183,37,31,157,180,21,115,161,128,43,8,76,252,147,50,166,73,170,125,1,212,144,107,40,64,214,171,67,230,225,130,120,27,228,195,50,107,97,252,222,59,189,128,233,58,8,88,145,238,36,124,181,153,97,40,238,248,54,76,128,131,210,116,8,255,205,89,63,221,163,74,37,142,149,244,6,63,163,136,107,172,131,242,193,30,201,229,104,18,47,159,187,125,59,146,191,12,92,81,158,209,110,166,166,195,6,109,193,151,106,68,35,239,173,7,43,184,165,60,6,153,252,221,70,168,244,219,121,102,213,225,173,2,49,245,172,5,64,240,207,19,192,241,147,89,26,213,194,183,0,158,211,41,68,160,249,137,123,29,233,224,169,64,160,139,208,39,166,142,192,13,98,168,138,38,29,183,149,83,51,117,240,242,119,79,33,143,125,30,219,186,222,125,108,235,254,14,102,89,152,198,44,162,140,156,123,77,198,183,105,94,78,203,174,54,62,255,177,118,37,232,150,71,20,17,230,67,43,72,254,229,25,184,175,204,56,68,187,150,56,30,171,229,191,62,18,182,230,218,90,141,144,34,112,35,131,179,115,90,207,207,90,2,35,247,79,61,57,132,81,56,92,69,230,29,108,152,140,13,122,57,182,194,49,78,220,155,11,57,207,140,197,29,15,222,163,143,83,88,233,216,97,196,228,79,81,1,243,159,61,52,130,237,33,45,33,187,192,5,68,182,193,60,87,182,240,6,117,194,194,181,59,238,156,159,84,126,244,187,115,54,231,172,108,125,48,205,216,19,121,164,196,205,103,110,141,44,30,184,145,60,22,10,153,149,141,50,228,142,14,100,88,141,181,59,88,92,243,209,67,3,199,236,127,66,128,201,116,107,186,212,214,21,160,182,200,16,85,157,140,95,39,7,246,171,68,217,224,42,119,11,169,162,108,43,145,139,83,31,76,231,210,8,73,140,45,210,116,160,247,117,122,227,171,181,22,29,128,93,86,93,160,182,57,121,196,207,189,41,72,211,38,109,26,229,200,204,25,96,179,142,45,106,180,130,83,26,247,147,71,6,39,234,145,121,46,227,173,87,100,243,158,121,124,123,150,236,12,5,254,34,29,60,21,199,66,118,231,206,210,70,11,193,186,109,20,214,131,142,77,86,159,37,44,94,139,241,44,31,176,210,192,105,88,226,216,59,43,241,218,76,100,92,194,56,107,88,152,148,103,1,22,130,177,27,53,245,181,6,33,236,34,61,108,153,154,56,80,65,244,16,27,212,146,63,65,5,198,236,107,99,47,183,85,4,61,166,60,15,92,139,240,32,122,175,159,80,39,249,187,232,79,124,247,188,204,123,197,151,102,34,55,255,129,31,15,142,137,196,108,73,168,39,26,104,226,213,115,2,231,203,135,12,5,180,141,72,122,166,227,65,54,205,139,159,106,201,184,179,0,21,155,85,73,74,161,205,93,74,235,213,125,24,7,238,169,90,39,79,144,14,15,187,227,169,107,94,247,192,28,67,132,133,222,114,160,201,210,31,165,203,217,169,13,244,233,15,8,228,145,253,112,38,239,134,56,7,142,223,72,23,86,173,137,58,29,37,240,197,31,89,252,43,41,175,188,246,113,79,35,139,119,6,205,196,204,109,66,255,196,52,64,165,167,46,99,235,129,48,113,7,158,60,17,40,203,174,54,97,168,150,35,13,200,243,175,67,88,153,230,71,54,25,162,250,1,174,149,74,20,163,230,128,73,123,4,246,165,23,195,151,175,16,15,174,136,221,20,73,180,234,42,117,152,220,104,87,247,172,127,3,0,154,125,104,86,184,141,37,50,207,166,152,63,28,133,34,127,171,248,222,39,11,140,217,22,96,188,241,202,12,64,133,165,89,236,28,234,32,114,130,133,70,126,108,237,241,67,33,184,147,59,12,170,251,61,113,19,155,214,87,174,158,233,58,17,66,174,228,37,0,237,178,32,113,190,138,58,5,155,251,169,41,119,194,212,91,111,231,151,113,14,255,146,224,15,106,225,192,58,176,143,136,211,11,139,143,82,91,3,195,204,65,124,193,237,100,67,100,155,175,112,207,205,160,95,45,248,195,44,77,84,183,158,116,42,233,134,50,7,202,165,145,14,180,175,156,62,60,235,219,150,95,28,212,143,70,11,146,161,117,168,186,233,27,2,177,232,210,116,147,152,36,20,187,195,211,76,90,134,224,222,72,165,156,230,76,209,139,177,127,53,225,172,97,106,171,228,78,45,43,234,191,0,81,88,241,20,73,191,238,198,17,105,227,141,97,96,49,240,200,43,190,153,254,96,74,143,146,47,87,87,194,244,73,125,209,147,85,96,197,202,26,69,64,235,60,38,92,237,151,26,219,203,173,58,51,219,218,33,20,210,133,141,24,19,233,175,222,47,128,143,64,6,21,147,136,4,51,153,179,107,113,70,157,36,110,109,128,33,38,88,66,249,8,122,226,150,123,9,15,159,191,195,16,186,231,5,61,211,225,216,65,122,182,141,202,29,90,130,196,17,56,252,32,110,96,238,213,207,62,197,211,106,76,21,174,206,56,5,227,138,121,14,232,213,92,63,160,241,231,110,176,141,217,16,109,162,228,56,125,166,224,44,35,7,195,154,32,108,182,192,218,103,30,158,38,125,187,195,89,40,89,155,166,200,3,79,255,67,29,64,253,250,50,5,94,141,246,42,104,177,156,113,22,140,197,122,120,213,209,191,103,162,179,201,9,52,163,167,81,126,55,244,173,38,174,249,41,99,57,241,129,94,64,197,225,85,31,33,132,169,30,70,137,50,223,104,188,234,3,108,37,229,135,107,82,243,157,104,80,235,158,36,114,227,203,174,77,22,250,107,66,63,166,237,217,36,100,191,241,50,9,72,244,50,121,164,232,30,23,41,163,166,122,94,80,244,22,111,201,135,66,26,21,137,139,25,61,186,163,14,124,69,144,11,122,180,136,199,16,82,218,245,41,48,207,135,184,6,29,178,48,124,11,219,164,105,80,240,139,156,49,74,137,219,60,68,165,133,22,127,88,220,36,13,90,168,248,49,101,21,196,130,12,74,136,196,25,62,153,63,87,5,158,133,57,7,48,161,109,71,160,255,38,65,114,139,147,3,23,58,133,121,89,114,215,40,101,89,216,255,54,117,217,242,93,29,192,231,163,49,58,138,173,197,23,255,253,50,87,66,248,235,14,121,144,224,218,113,45,164,87,113,15,252,165,123,20,173,239,219,67,9,169,163,120,106,202,249,62,104,238,175,164,33,225,255,196,29,106,251,95,70,21,245,135,44,69,166,255,84,27,124,252,182,119,48,78,219,114,63,229,222,210,67,26,134,138,71,13,214,219,134,76,229,178,187,16,221,189,222,198,123,155,140,21,0,170,128,227,8,104,74,195,73,95,218,186,34,22,70,180,231,44,4,48,211,205,82,94,237,207,25,209,129,228,123,82,74,227,26,25,164,218,200,115,92,224,195,70,90,189,153,37,88,156,141,205,117,11,143,54,107,64,144,235,32,103,164,252,62,123,195,218,185,87,25,236,157,54,49,52,250,227,85,169,198,36,71,183,193,233,127,112,63,252,202,19,168,237,216,46,126,169,239,190,67,47,243,248,73,120,193,164,30,66,247,231,88,63,19,221,32,73,82,141,152,27,99,229,145,212,121,83,133,170,65,229,215,202,81,26,231,172,125,109,228,146,163,7,47,237,175,10,35,94,142,57,106,129,128,204,98,113,128,151,53,33,185,179,93,44,169,181,56,110,99,149,210,64,175,241,229,89,107,95,245,162,40,4,81,143,144,81,227,172,48,53,212,130,158,43,39,248,135,136,42,223,170,65,24,197,133,244,14,97,241,214,49,74,150,252,199,22,148,230,49,107,9,202,186,50,118,182,244,55,34,1,149,173,97,188,165,223,99,106,249,209,107,78,47,244,181,22,67,173,223,85,122,195,181,135,72,207,156,183,41,10,171,140,221,115,86,255,189,98,67,207,203,34,160,211,235,119,115,217,232,191,20,172,153,62,55,172,170,130,55,97,152,151,179,57,186,237,133,64,169,237,219,65,13,179,171,114,30,56,238,95,123,29,213,183,25,22,88,147,45,121,33,211,212,27,124,138,253,4,103,64,230,196,61,206,153,231,124,66,140,150,53,7,86,168,250,72,97,161,250,76,21,165,129,121,64,69,131,75,70,9,179,163,10,221,176,175,66,91,219,204,101,83,251,158,141,104,51,208,235,141,81,254,226,89,11,45,245,189,22,57,140,218,3,20,89,148,58,106,115,245,54,87,59,53,254,113,99,230,239,72,85,61,215,244,165,78,207,128,7,97,206,135,189,76,45,241,209,218,111,78,243,182,31,27,255,110,116,15,151,171,167,21,148,243,32,88,69,234,195,120,86,78,195,93,68,203,231,117,102,33,249,148,61,240,148,221,114,57,241,168,42,37,254,240,122,99,55,198,131,52,50,253,132,151,106,15,131,42,20,179,175,48,45,2,150,246,211,98,76,168,43,31,11,242,168,214,28,70,142,243,62,108,210,141,43,61,247,145,81,94,239,244,247,20,202,207,193,19,3,221,191,82,41,76,249,204,26,72,181,82,14,73,202,145,16,94,220,249,95,14,43,237,201,1,93,240,157,207,94,164,141,21,123,37,139,228,109,16,168,203,58,69,168,216,48,51,184,148,237,124,117,190,205,115,102,223,237,162,44,120,177,155,168,91,9,215,46,25,174,133,98,9,88,244,130,49,93,85,141,96,35,215,221,50,109,106,235,225,4,73,190,201,123,122,47,193,88,102,176,239,219,127,3,174,183,43,58,176,185,235,127,49,231,62,81,74,134,143,36,9,86,238,222,123,32,231,213,61,84,227,222,0,2,69,215,98,85,9,252,234,145,70,76,202,141,65,4,209,146,94,29,208,109,38,13,153,146,54,109,85,142,45,30,190,170,49,46,4,170,139,117,45,4,132,46,0,118,170,45,114,83,175,224,60,108,56,141,215,17,196,227,223,53,54,142,169,193,27,195,249,206,91,78,244,231,10,101,156,252,214,125,41,160,91,117,11,248,169,127,8,73,209,217,120,126,215,251,91,25,211,254,79,112,148,195,222,21,166,160,214,23,110,228,54,59,17,191,138,210,77,177,195,81,117,98,155,198,36,13,88,195,50,124,176,159,181,124,5,209,137,10,55,142,249,168,21,187,180,183,77,230,168,141,158,106,198,213,127,86,233,198,190,83,54,31,204,75,7,136,236,51,1,86,161,252,52,14,65,152,216,26,93,239,157,46,238,254,252,12,90,95,138,15,22,187,189,198,11,55,136,204,204,51,181,169,75,0,205,239,152,8,11,227,93,109,61,174,137,36,122,187,250,35,102,164,186,253,102,53,143,227,77,11,1,172,183,24,185,128,66,123,239,252,215,8,23,126,239,192,125,171,162,192,65,121,33,239,189,44,5,190,226,33,102,177,246,22,64,149,254,35,59,97,208,38,73,93,145,133,103,124,233,224,210,125,88,243,210,44,162,145,187,56,107,233,189,42,17,221,252,221,0,40,159,171,96,27,3,209,40,11,132,249,190,116,53,147,218,58,45,181,183,161,61,76,197,44,20,119,138,245,42,76,150,251,56,10,36,184,151,53,99,37,217,197,88,82,159,63,11,253,197,220,29,104,168,195,202,125,154,240,18,29,220,135,147,6,13,159,217,51,87,216,167,205,126,176,151,205,111,55,251,232,75,126,164,229,40,73,126,144,220,19,186,184,245,114,17,174,173,167,110,49,143,162,120,82,73,183,94,75,237,169,198,61,172,229,160,56,19,77,239,181,69,93,252,242,123,87,247,173,103,186,217,254,22,27,76,255,246,10,168,143,78,34,219,194,207,105,93,136,153,200,3,181,234,254,50,217,131,185,71,120,231,253,158,22,33,143,93,25,103,180,143,10,64,67,246,51,8,74,180,203,4,101,215,247,80,102,63,225,173,79,223,154,147,98,66,173,254,213,6,82,168,249,34,0,175,240,48,12,170,185,31,12,70,225,63,83,59,231,246,125,84,188,221,50,79,84,164,48,53,180,150,136,117,49,198,221,155,3,182,149,222,105,42,137,185,19,61,253,223,67,80,76,254,47,126,96,236,91,82,1,25,163,6,103,188,237,67,100,43,203,189,216,53,174,233,104,113,172,132,164,34,125,31,139,146,0,49,153,177,111,45,140,85,126,96,147,192,221,98,146,154,47,63,38,181,149,39,76,37,198,95,52,185,213,23,50,84,249,253,19,33,235,214,71,120,188,251,52,111,160,252,34,33,9,172,177,99,103,162,187,179,0,97,133,33,88,179,205,170,119,67,245,146,131,112,41,220,79,15,55,199,171,149,74,1,180,255,50,22,243,189,114,57,140,199,26,11,176,185,231,82,164,203,223,23,7,225,254,111,98,80,255,218,113,80,170,32,31,24,163,213,9,6,186,145,51,101,45,245,222,113,68,130,203,220,17,172,226,18,11,45,254,143,115,109,166,169,91,46,85,212,186,39,223,246,163,69,49,174,165,4,13,56,148,129,41,40,174,231,203,107,41,227,206,31,160,228,19,46,69,150,240,38,71,78,232,118,16,251,131,69,113,39,143,172,18,5,179,171,67,31,92,199,48,122,79,130,207,54,104,164,251,84,99,195,236,137,65,83,137,39,78,61,143,218,62,71,73,135,181,21,80,151,200,204,89,186,129,52,112,86,201,58,4,79,210,237,192,3,51,144,131,67,26,170,212,31,43,238,103,113,57,138,249,220,9,26,150,77,21,219,199,159,41,78,180,239,23,25,57,135,48,119,126,176,51,2,75,190,252,52,23,60,215,138,26,81,159,139,89,15,216,193,221,46,247,255,156,34,15,178,240,88,39,209,172,145,36,28,231,108,65,108,157,193,36,124,79,153,210,33,120,188,242,49,116,176,254,61,11,197,130,140,16,164,162,204,19,4,168,201,107,81,28,200,161,33,35,197,81,24,17,232,216,35,8,79,206,38,120,85,233,190,69,19,245,240,127,68,247,230,208,87,185,182,248,115,77,217,129,179,116,251,156,42,29,164,135,224,6,100,93,208,54,116,157,141,86,81,19,249,232,163,20,51,236,193,0,92,232,175,104,231,161,165,48,47,82,149,123,124,229,145,155,124,59,234,189,190,77,168,198,86,93,218,238,195,76,35,173,152,14,13,234,240,102,41,229,160,117,62,226,239,190,123,74,225,139,54,82,95,241,252,27,186,168,54,39,74,160,152,47,103,63,160,150,48,188,146,198,63,110,64,234,142,117,53,244,238,97,34,180,182,77,13,220,199,112,36,49,192,97,46,49,249,238,14,127,133,244,233,124,82,224,197,46,186,130,239,91,87,220,134,60,102,80,152,217,77,87,200,192,107,69,49,233,89,98,253,138,196,121,98,131,156,34,66,171,210,208,82,60,165,89,116,33,199,179,208,39,130,147,186,26,107,243,245,98,22,45,135,169,105,33,242,85,120,174,169,216,21,22,164,220,221,11,250,221,109,91,184,243,228,109,10,149,244,200,50,160,242,222,32,222,231,201,66,11,253,178,50,63,226,242,122,51,51,248,155,66,244,239,180,87,22,203,171,192,110,93,249,210,127,86,78,222,53,16,174,136,215,3,237,218,134,58,106,86,128,207,102,117,169,231,38,15,212,206,126,181,219,132,67,87,17,252,133,22,201,228,50,35,29,175,200,58,105,145,159,187,1,178,245,248,206,77,156,201,60,122,178,149,163,98,23,203,151,108,103,162,147,90,67,95,172,121,125,18,160,177,76,110,222,169,79,34,19,186,158,101,238,195,234,31,95,162,254,205,31,108,163,250,50,116,179,246,54,112,191,137,123,4,2,158,38,36,78,145,134,127,21,236,143,212,75,88,255,142,56,206,153,145,20,7,253,211,202,59,180,155,188,25,64,148,152,53,116,216,211,115,74,9,199,105,124,13,134,161,68,51,20,228,29,2,165,234,123,94,102,129,190,157,7,238,144,69,38,160,194,177,113,32,9,198,158,65,8,193,200,119,67,130,50,101,121,174,217,198,114,168,149,52,84,88,227,191,45,48,18,202,208,64,160,153,14,116,50,197,251,23,37,207,143,114,43,160,237,34,4,231,167,106,97,102,179,200,5,14,237,223,138,110,23,153,87,69,37,160,167,56,28,169,138,241,100,64,166,57,124,77,245,249,148,6,59,171,143,81,23,190,147,56,104,147,216,31,26,178,228,255,119,182,209,183,29,102,235,151,104,109,108,142,213,15,32,247,127,89,116,219,144,109,38,168,167,193,86,66,241,219,117,53,245,198,183,30,176,253,44,55,90,248,254,1,10,170,182,46,63,73,189,167,115,189,252,146,105,101,33,169,123,126,39,128,236,35,116,87,144,196,2,91,242,207,101,180,141,67,33,89,149,250,115,87,16,226,119,9,193,241,79,24,31,132,250,9,104,85,218,40,112,67,166,36,109,62,135,216,41,15,162,147,81,22,160,236,231,65,50,213,119,111,118,241,148,83,94,88,141,215,23,1,167,227,154,74,223,151,69,99,57,238,91,24,80,163,240,223,4,84,174,243,94,111,193,236,121,51,143,51,209,8,145,137,215,22,115,128,36,102,180,161,155,45,74,184,235,19,29,61,131,204,123,122,76,207,30,119,186,248,48,19,45,224,149,69,17,238,233,32,17,220,197,217,82,251,251,144,222,51,206,236,92,43,205,160,173,56,24,227,144,69,104,153,221,32,112,67,157,238,37,124,176,246,205,8,180,242,57,15,249,134,128,28,168,166,240,31,120,172,205,103,85,24,204,173,61,39,201,93,20,21,148,212,63,4,75,202,34,116,81,245,178,65,47,241,244,67,64,251,218,220,83,189,178,252,127,73,221,133,191,112,255,152,38,25,160,131,236,2,96,89,220,50,104,153,137,170,77,47,229,236,167,16,55,224,205,12,80,236,171,108,227,189,161,52,51,78,153,71,112,225,173,135,96,63,230,129,178,73,84,218,74,65,214,234,199,112,39,169,156,10,49,230,236,106,45,225,164,113,50,254,235,162,127,70,237,135,50,86,83,245,248,31,190,172,202,35,78,164,156,43,107,51,164,138,60,160,150,202,59,106,76,238,236,62,96,187,240,76,100,160,141,47,53,235,134,97,111,54,134,89,57,59,155,137,6,27,134,242,233,116,75,250,194,36,163,246,233,89,122,207,173,123,106,37,146,177,110,82,141,174,26,71,9,143,156,96,199,175,173,25,23,148,237,36,94,77,208,223,118,70,160,215,71,104,209,167,145,90,193,234,165,110,117,189,168,147,87,22,144,159,64,86,208,107,47,254,229,146,74,83,254,143,208,23,155,128,44,25,167,154,247,26,124,142,235,204,68,160,141,181,113,250,160,222,4,78,182,251,72,47,227,170,119,112,103,184,139,64,162,196,231,119,102,237,229,159,122,59,232,129,2,117,94,210,68,22,160,141,187,14,229,195,181,32,31,84,247,164,43,57,171,180,52,7,145,183,107,219,78,145,52,16,69,252,255,26,160,174,41,58,62,225,212,50,23,168,131,166,53,19,192,171,210,83,138,179,98,102,56,137,175,102,19,199,147,16,107,94,151,94,64,88,231,35,69,45,74,187,7,40,130,153,25,31,3,145,218,85,86,144,245,114,67,190,244,196,15,28,166,253,99,3,30,144,165,113,213,143,65,84,63,152,52,53,110,157,148,40,70,173,189,172,63,7,231,214,75,164,249,128,21,74,188,242,187,52,241,177,157,2,59,190,135,119,42,186,245,98,51,76,134,184,21,124,255,167,196,52,13,161,68,16,251,218,48,68,45,209,170,157,22,244,197,72,55,92,241,235,52,118,67,155,218,19,84,150,210,27,88,130,54,127,21,253,132,136,106,180,140,208,117,9,163,186,33,114,91,254,188,66,186,247,19,21,47,172,167,123,20,132,135,33,23,219,155,204,99,170,244,57,50,99,190,212,4,29,206,133,213,99,23,148,45,43,33,218,151,125,67,184,235,244,21,42,164,57,87,95,242,236,169,21,1,203,149,56,21,162,250,61,102,181,206,2,30,87,139,134,73,243,227,202,29,112,239,130,29,33,101,166,204,11,67,207,87,117,100,221,134,28,111,188,235,208,0,90,143,204,98,78,154,171,215,109,35,252,123,39,12,232,145,23,115,211,183,206,61,94,236,199,60,85,178,138,30,123,62,196,41,41,75,196,244,87,113,39,235,171,28,51,154,196,9,176,229,48,36,84,159,227,90,7,29,161,6,105,184,247,86,15,22,156,128,25,13,75,179,75,5,9,224,50,4,69,243,138,119,35,231,228,85,108,205,144,246,119,95,210,44,91,103,247,239,81,38,47,248,210,117,104,235,242,196,82,169,152,46,126,113,235,110,65,61,232,158,157,90,64,246,185,117,48,229,174,82,1,220,153,218,17,173,166,194,121,97,130,57,42,74,166,197,58,16,166,159,65,89,48,176,210,12,98,86,209,110,1,218,165,143,93,92,239,208,111,78,137,143,186,121,205,178,135,73,251,184,175,218,5,254,227,77,125,202,236,129,123,59,217,161,44,25,148,216,39,112,91,140,232,62,111,219,142,167,101,39,242,91,17,222,139,146,16,187,178,231,116,85,228,212,55,8,25,189,150,42,25,224,34,78,43,219,132,123,70,44,183,96,39,84,241,211,36,110,163,227,42,107,148,172,212,29,74,248,250,19,43,25,184,132,22,176,128,60,15,166,158,134,117,125,49,191,103,69,192,171,210,1,120,204,221,155,72,3,138,201,0,95,144,141,9,28,230,157,37,53,53,155,42,125,86,234,219,120,117,234,232,192,117,62,195,105,23,194,234,181,43,25,155,175,20,7,186,248,49,12,85,148,206,114,161,37,250,73,61,233,128,91,3,36,149,246,98,181,207,172,109,7,231,136,75,18,15,128,208,113,183,214,204,85,13,45,251,129,32,17,162,246,53,122,165,250,42,84,153,148,198,8,126,253,207,91,61,161,243,82,110,243,141,139,29,5,252,179,58,182,159,230,215,2,154,234,37,6,65,245,218,121,61,155,213,7,40,5,147,152,100,195,171,177,29,19,144,241,32,90,73,236,219,114,66,188,211,40,10,135,150,221,74,169,157,198,121,9,204,244,206,5,53,248,141,93,25,150,95,106,203,212,204,111,7,209,187,141,117,196,152,77,27,211,251,231,26,25,158,228,197,94,187,146,212,32,185,134,219,19,114,210,255,33,103,206,252,59,53,119,246,204,117,77,35,141,115,28,213,184,192,99,82,237,240,112,104,91,187,170,127,225,221,242,9,160,241,156,60,9,17,155,188,52,15,161,143,75,3,172,187,26,76,75,250,51,52,66,250,251,117,216,251,143,101,90,213,130,83,108,177,128,239,9,74,253,149,176,94,150,131,61,31,37,130,145,19,12,156,175,9,109,37,157,38,57,78,136,61,38,71,80,230,6,111,236,209,84,30,119,157,213,89,39,218,243,103,50,243,179,155,12,9,172,153,184,97,44,217,137,85,170,147,54,63,110,205,111,102,61,152,145,52,52,182,215,149,103,18,164,175,35,221,255,153,10,3,172,128,239,110,165,150,194,24,73,193,130,117,39,253,244,127,54,61,234,211,98,124,216,175,174,53,45,215,50,115,176,249,87,112,95,223,161,196,1,162,245,100,101,80,144,144,103,78,82,159,136,79,63,250,192,75,24,146,144,39,37,240,149,156,76,255,240,157,120,61,249,226,118,99,91,232,193,80,178,158,45,114,88,160,241,31,23,202,188,38,104,174,146,211,18,68,134,52,197,29,163,189,111,13,194,235,203,21,2,137,99,47,20,166,169,57,121,205,235,226,25,66,190,59,0,119,164,140,222,11,3,162,151,89,31,182,155,85,22,179,205,1,113,46,173,189,79,82,219,192,99,127,232,161,27,94,120,155,239,17,51,213,54,119,120,76,155,26,113,162,142,196,5,86,144,203,102,85,199,209,128,0,35,245,75,73,49,242,155,10,26,187,218,209,116,64,232,217,34,62,205,135,119,17,70,197,37,31,38,195,167,99,16,41,144,177,108,91,247,164,87,13,163,58,79,64,239,242,101,16,74,243,72,93,245,194,44,77,72,134,174,93,51,16,153,100,74,11,224,105,30,43,149,226,36,121,189,244,49,126,184,228,251,36,106,154,207,161,53,200,200,46,62,64,224,247,106,110,248,141,193,3,35,255,127,80,63,252,215,10,30,235,213,138,65,116,191,242,45,102,243,235,126,72,245,201,171,25,195,168,173,98,96,159,56,49,82,188,194,33,102,167,201,37,90,118,139,197,67,23,47,198,121,124,186,243,202,27,70,156,220,7,41,138,243,167,31,160,191,189,112,165,162,170,199,15,224,165,91,87,138,227,246,25,36,184,151,39,34,150,191,35,99,49,251,230,87,104,76,139,196,31,80,140,50,99,172,218,154,2,37,177,139,113,87,175,146,210,59,65,133,177,93,64,211,212,46,115,132,245,44,30,106,243,76,11,43,148,131,71,109,163,253,82,57,163,246,242,113,75,149,151,71,64,37,248,236,9,168,131,38,18,186,139,140,24,99,46,247,58,21,251,248,171,123,18,178,140,199,115,54,255,175,119,112,253,200,109,60,232,153,35,57,57,221,41,126,84,141,215,27,7,229,230,177,114,68,215,54,15,180,242,218,61,6,250,192,16,110,202,235,205,86,23,217,158,30,235,8,228,124,49,207,202,113,44,44,209,172,71,160,203,197,48,70,189,151,34,25,120,246,208,63,176,132,234,57,103,9,206,178,38,102,170,236,43,2,160,254,77,81,241,247,206,43,113,192,214,89,109,225,149,119,12,249,144,226,13,104,227,194,60,178,129,150,149,84,134,229,48,122,91,130,210,102,5,202,129,87,1,78,245,214,25,207,192,137,77,47,176,247,38,59,48,243,198,96,40,231,132,52,1,196,163,147,8,182,173,130,0,62,233,221,144,93,30,218,129,68,9,148,167,119,170,184,235,5,0,191,214,220,114,145,134,38,18,185,253,221,74,36,152,254,220,70,167,158,216,74,237,129,140,14,3,163,151,89,31,182,155,32,96,117,162,245,2,74,74,231,20,24,175,200,218,121,61,253,182,16,15,93,129,165,65,188,239,242,98,79,154,255,46,8,92,139,129,64,49,253,165,62,11,186,191,106,78,65,165,43,122,66,157,253,119,215,205,202,87,90,182,173,56,15,190,134,232,103,47,200,167,129,25,140,139,40,99,48,132,218,29,49,248,145,69,71,88,157,48,61,38,239,59,77,53,70,249,15,25,242,219,81,81,122,157,192,93,50,249,131,90,78,213,143,177,65,9,186,157,208,6,71,134,223,18,176,248,59,108,113,133,167,205,9,243,242,59,71,78,152,219,127,94,194,159,126,92,165,136,9,28,169,150,235,3,186,231,177,98,109,189,253,86,123,243,235,126,62,7,155,171,25,29,168,173,220,96,105,138,49,0,188,144,33,123,8,245,153,189,104,35,251,88,19,69,255,141,54,19,83,253,180,125,41,241,242,127,70,243,190,37,125,242,206,191,9,207,197,173,102,63,238,230,15,96,67,254,194,82,171,148,40,107,46,185,132,13,53,146,137,85,4,72,142,193,109,44,221,113,147,108,209,252,113,106,174,141,237,107,31,255,195,108,94,221,221,91,127,213,158,145,106,84,185,54,7,114,184,136,195,88,127,163,233,89,20,225,177,109,98,203,254,119,21,48,227,240,19,35,178,129,101,14,201,211,70,93,120,149,248,39,26,170,70,13,103,74,226,16,98,177,225,164,73,17,245,242,67,126,255,174,245,73,73,160,62,73,85,225,157,71,20,217,206,196,107,94,253,196,54,68,187,233,20,23,47,177,38,29,49,216,251,62,9,41,158,181,121,32,135,183,1,39,155,41,99,46,142,246,55,117,73,132,11,1,191,249,92,127,69,201,144,113,110,45,213,74,2,107,235,55,88,64,251,229,83,23,223,240,95,110,184,253,246,39,114,152,200,209,23,246,201,113,103,68,149,250,99,20,145,251,222,28,23,234,44,3,110,150,203,125,0,229,197,129,14,7,178,147,74,35,252,242,33,86,151,176,157,48,180,163,128,43,45,204,38,123,4,168,130,107,125,236,215,96,70,63,162,149,58,31,65,200,22,103,179,142,195,24,94,158,219,28,90,130,153,169,37,224,186,246,28,166,160,193,218,104,246,155,21,101,255,219,189,36,59,86,219,54,122,237,209,81,101,9,243,180,99,22,81,148,180,81,27,220,155,110,185,252,229,30,27,65,176,6,105,189,177,165,7,92,137,192,50,93,184,211,50,12,130,241,70,1,55,235,100,20,55,145,135,75,11,188,147,58,100,169,162,243,14,68,244,237,67,92,41,145,131,4,203,249,76,55,182,216,137,125,16,5,171,151,12,195,230,175,102,106,227,139,142,8,5,169,133,71,1,172,185,6,70,241,140,39,72,82,136,57,32,78,148,206,25,101,231,143,137,105,18,204,91,17,197,225,189,34,97,150,220,45,96,161,232,202,6,93,242,193,15,219,34,161,127,49,132,245,222,9,53,198,158,90,75,237,205,102,64,223,173,81,117,17,140,191,34,178,159,234,47,30,88,172,251,34,2,186,223,195,34,168,145,33,1,247,255,198,27,98,174,197,204,115,144,246,24,19,152,140,136,0,55,251,132,36,37,151,145,169,121,144,143,46,8,93,148,201,52,106,170,245,24,92,26,141,198,118,214,167,133,7,34,182,255,49,63,45,141,216,15,64,180,193,34,25,140,248,222,65,186,248,199,51,97,217,236,145,89,13,138,187,6,55,131,190,45,252,170,233,20,104,223,237,185,31,172,135,51,123,210,253,199,75,18,243,236,179,34,164,233,237,85,215,217,215,124,120,215,245,95,31,219,240,91,102,114,191,234,15,94,70,250,9,96,178,162,216,127,98,250,248,8,11,91,133,169,32,235,147,182,98,35,151,143,93,111,90,195,252,32,127,184,227,36,96,166,247,110,71,69,248,37,117,87,160,230,125,183,207,171,93,94,223,176,54,17,160,155,252,122,64,177,132,223,53,202,177,119,81,92,243,200,123,32,131,141,15,74,94,229,63,1,3,235,52,81,76,64,253,28,23,138,134,46,31,11,140,129,163,43,166,231,107,24,165,139,132,117,47,224,156,153,64,80,220,157,87,24,183,122,40,63,200,159,218,11,153,136,58,95,77,232,219,100,92,182,223,62,76,174,137,109,51,16,204,252,122,170,152,195,102,113,161,243,54,35,252,242,94,97,42,132,203,116,127,208,197,218,122,16,239,64,69,251,247,42,67,22,249,153,182,55,9,203,52,27,80,195,136,41,28,92,228,245,43,107,172,183,110,66,236,197,107,19,202,246,208,109,191,203,173,102,63,253,176,20,21,85,143,177,5,76,253,60,12,87,188,147,18,90,172,249,64,21,87,155,169,102,21,203,149,218,97,170,133,27,110,74,231,185,15,94,182,161,57,51,221,177,48,65,160,152,251,14,73,174,48,26,127,223,224,135,105,59,166,157,222,97,58,145,49,36,255,187,66,2,29,182,230,112,27,29,188,69,48,212,209,112,83,108,227,229,124,82,179,201,16,125,66,148,22,99,180,130,218,23,3,255,182,124,114,176,202,244,13,54,149,52,61,57,138,227,71,100,168,208,171,101,53,143,222,99,77,236,130,121,117,49,185,75,14,55,176,252,51,4,71,128,212,18,75,226,217,31,48,175,126,40,107,146,234,51,1,54,223,111,65,162,193,36,71,116,241,200,10,115,90,223,78,10,105,177,64,109,89,193,141,105,43,228,219,214,105,164,140,233,34,96,226,221,220,126,216,141,214,62,32,239,254,12,8,157,175,213,52,88,207,59,113,13,151,196,127,122,176,129,212,53,124,190,250,33,19,184,147,75,7,148,175,177,120,161,201,188,33,59,207,44,79,82,217,172,54,45,229,157,114,28,9,251,179,73,27,94,177,54,126,177,138,217,2,86,148,205,125,62,209,213,155,18,213,250,135,104,181,161,203,168,103,205,129,66,24,199,135,147,99,1,72,179,56,8,129,238,33,30,86,168,229,89,8,41,239,181,28,45,235,188,106,188,131,229,121,41,78,175,27,76,166,179,197,5,53,139,212,163,64,182,197,36,17,134,228,204,15,20,251,42,2,46,241,164,48,127,178,140,61,11,194,237,165,73,94,159,224,73,44,31,184,244,11,164,159,64,51,170,172,242,121,20,1,167,147,48,199,226,179,71,24,31,193,131,14,5,182,137,82,13,206,129,91,25,144,229,42,1,5,224,109,103,27,224,131,30,13,240,229,204,102,42,179,142,62,161,214,141,109,92,152,135,104,110,232,211,151,86,3,196,128,95,18,21,156,83,103,158,144,207,101,100,135,140,44,78,187,218,52,94,179,199,109,72,34,146,240,42,80,129,252,58,116,87,173,246,49,33,65,216,214,103,179,155,81,3,150,253,218,114,119,168,219,210,102,132,235,98,85,243,214,175,30,123,226,223,50,27,157,170,222,69,173,147,95,111,88,255,246,40,101,164,241,52,82,104,139,168,6,188,190,216,112,103,164,253,161,100,2,189,135,42,70,239,156,44,64,207,165,142,23,250,200,129,118,45,94,239,221,30,84,149,213,16,81,154,192,8,185,176,226,30,25,221,189,142,88,178,134,36,50,171,251,223,120,93,128,225,202,38,221,159,133,91,232,219,135,126,112,231,176,222,80,19,223,102,59,74,250,189,76,21,82,157,45,26,74,179,209,118,99,142,248,2,127,80,224,196,33,219,207,190,46,92,142,224,208,25,5,167,176,32,19,181,155,87,23,160,135,14,64,95,142,39,56,86,142,239,20,178,200,171,86,9,13,253,44,65,174,243,233,112,89,210,151,194,44,162,151,84,87,29,195,202,125,66,249,217,104,28,95,225,59,5,7,234,109,122,66,89,166,69,91,250,146,117,64,108,214,183,153,8,227,194,66,51,232,211,196,77,123,184,142,199,27,94,155,216,6,78,243,60,98,100,145,169,147,34,192,132,38,72,90,255,192,118,34,39,217,89,43,247,217,72,55,82,141,240,22,177,233,178,125,39,229,228,87,104,215,136,60,58,15,145,179,97,8,243,213,140,100,9,131,77,127,223,170,93,50,2,147,140,247,122,70,172,63,6,67,193,249,161,111,95,241,170,52,20,201,229,69,1,197,159,88,93,160,243,252,116,209,163,179,19,57,211,170,81,98,75,238,172,57,21,248,119,16,73,170,139,0,7,165,174,46,97,71,237,177,117,66,233,208,192,9,180,253,12,20,72,231,146,5,89,171,148,42,49,77,187,161,67,180,249,238,8,111,176,213,14,98,176,153,185,36,17,219,229,200,101,39,252,215,116,202,231,121,74,15,179,169,54,47,88,137,116,122,195,137,120,28,19,135,141,31,59,176,165,52,118,67,174,53,100,78,130,193,24,96,208,250,79,103,199,191,183,29,14,150,81,57,3,235,225,38,67,86,236,223,98,77,228,212,206,69,204,157,43,25,60,131,127,83,72,201,232,161,93,24,132,166,41,63,157,134,6,41,143,85,91,15,148,245,212,102,109,136,49,14,184,170,41,62,104,160,215,27,36,68,133,55,113,9,217,48,111,78,168,253,52,105,84,138,202,21,184,252,250,60,51,157,146,220,31,169,253,165,95,80,159,248,6,121,128,227,204,98,64,185,60,18,8,227,198,40,10,75,207,223,122,124,209,245,89,27,221,248,77,114,146,221,216,19,164,190,212,21,108,230,213,35,65,219,178,157,103,235,178,83,12,19,247,172,125,78,72,219,32,12,37,133,177,121,80,139,221,121,50,205,209,135,22,217,246,139,108,174,221,209,183,23,201,133,126,28,195,131,151,103,13,68,183,36,4,157,234,45,26,82,164,225,184,4,88,156,221,16,42,152,198,101,185,137,143,22,19,73,168,14,113,181,185,173,15,84,145,200,202,85,176,219,58,4,154,249,190,21,21,252,163,111,93,171,253,74,121,173,233,78,103,189,167,137,74,13,207,215,62,57,76,155,227,104,165,177,45,77,42,247,195,117,18,3,240,169,41,210,143,177,76,41,9,197,202,67,118,207,150,75,99,203,131,22,69,135,237,82,57,41,219,38,79,76,151,158,97,125,239,151,210,103,85,131,172,123,227,221,240,87,20,233,162,63,98,182,254,169,122,13,223,133,28,39,78,229,95,6,195,209,157,98,13,140,235,82,93,172,222,186,77,79,171,62,77,48,150,156,49,81,139,150,214,30,59,165,151,93,10,25,139,148,20,39,241,87,11,251,174,177,20,112,165,220,223,122,128,142,9,116,179,129,233,105,26,223,173,107,88,195,228,179,41,220,252,201,81,91,252,244,79,97,207,139,67,108,9,180,218,11,186,161,244,2,8,187,199,174,59,25,165,204,21,66,33,172,39,27,240,175,135,4,170,217,150,52,42,21,209,140,81,42,238,181,112,5,136,171,11,190,180,231,17,20,75,226,232,14,165,146,50,46,77,201,201,118,80,140,234,200,114,171,236,255,58,179,235,208,75,19,194,150,202,99,73,231,161,114,91,185,178,50,53,93,159,71,69,74,223,202,112,99,134,225,24,120,82,249,168,63,179,224,246,117,71,218,145,203,113,63,245,161,108,33,170,235,36,14,167,254,22,42,65,144,60,74,75,146,244,88,85,162,218,184,94,27,175,156,54,209,153,145,29,51,162,231,204,86,165,250,213,26,90,148,201,38,100,230,207,16,19,49,132,89,11,18,159,159,57,60,68,157,21,107,197,245,36,115,98,134,231,198,65,164,130,28,127,170,246,207,73,117,33,235,215,69,26,136,172,117,69,225,89,96,101,163,171,166,41,211,195,42,61,80,143,162,124,85,25,217,98,92,203,129,117,17,45,146,145,102,76,157,208,49,120,186,246,45,31,210,171,99,109,126,195,202,103,124,165,133,215,38,98,247,63,65,223,207,206,73,4,172,137,232,103,90,168,34,21,51,164,155,167,119,80,199,139,86,97,189,188,123,59,198,204,87,70,164,186,183,79,226,253,158,58,63,214,173,16,29,111,242,208,99,67,170,57,2,104,176,129,4,86,162,251,163,83,30,200,194,4,66,158,223,170,30,178,139,17,125,43,252,177,23,86,190,169,49,59,37,185,200,73,168,144,243,6,113,86,200,18,103,58,153,235,34,124,174,252,199,5,50,131,207,112,188,252,88,45,11,129,220,56,55,71,141,113,103,172,237,60,28,119,130,229,20,108,78,221,50,4,15,247,124,45,82,135,196,115,36,178,150,33,9,194,189,161,119,70,233,38,91,28,209,139,114,54,35,235,181,19,59,250,189,208,88,181,148,51,22,84,238,33,6,73,189,159,203,115,57,230,244,44,57,243,132,67,70,145,36,91,99,255,251,188,100,111,215,41,64,168,205,207,79,117,205,128,127,104,84,233,50,1,122,78,206,7,59,192,171,113,87,86,233,214,101,58,244,141,99,115,254,192,183,115,203,195,173,50,3,148,254,1,116,135,238,208,126,69,215,84,69,57,175,192,69,104,37,236,234,34,123,221,150,97,51,233,232,83,116,195,172,138,89,233,238,192,87,50,188,150,103,11,24,145,140,98,21,246,111,8,17,241,222,56,13,81,214,35,112,78,134,219,20,106,170,239,67,7,198,250,192,26,172,252,251,71,65,224,240,189,119,249,235,67,30,201,134,246,7,96,91,206,58,0,131,224,42,30,24,161,159,174,83,31,195,200,121,72,241,180,12,177,177,241,126,66,43,245,67,121,217,210,179,122,82,251,236,223,74,78,222,39,107,242,173,135,117,100,149,218,113,38,167,255,78,43,240,226,49,36,225,229,170,58,7,202,152,96,13,9,166,191,94,248,243,144,117,90,201,157,34,14,109,249,194,33,166,142,208,39,114,66,156,211,69,55,224,168,36,96,188,246,9,66,142,244,58,101,13,159,89,83,46,244,252,6,127,148,130,245,117,63,231,169,73,215,128,135,91,118,159,218,84,29,40,213,157,65,70,247,202,115,77,92,129,70,121,197,172,175,23,119,153,157,86,71,181,191,172,1,11,249,46,65,30,239,185,142,86,230,227,192,108,7,162,155,161,2,24,221,147,80,88,209,116,112,240,247,137,94,79,230,152,155,32,203,154,71,31,172,156,247,27,120,141,236,200,68,171,246,222,32,165,155,157,66,6,178,250,62,96,167,179,123,62,53,178,207,20,194,182,225,117,5,211,199,203,16,9,184,254,105,5,73,187,91,98,195,232,131,47,237,156,191,48,31,79,154,209,88,115,165,131,41,3,251,183,4,223,33,136,15,24,62,234,232,6,170,230,109,102,90,165,196,123,81,196,224,141,42,94,202,191,157,24,223,170,96,33,238,221,214,111,69,142,204,117,3,178,251,44,94,92,141,34,46,66,77,129,89,34,212,236,2,106,112,229,194,50,56,152,251,117,42,162,245,193,110,109,163,140,62,115,73,248,91,117,215,141,127,7,0,209,46,33,126,240,143,65,44,231,155,145,78,41,174,167,80,174,150,147,15,57,211,128,131,95,240,232,163,29,59,255,135,40,7,182,208,21,46,79,154,48,96,121,226,213,91,105,57,157,27,93,228,138,84,113,117,239,143,147,11,236,203,0,123,94,234,135,63,31,39,211,133,66,1,140,207,10,54,219,109,42,47,178,197,206,121,170,197,61,60,64,149,211,27,3,47,210,161,70,188,157,22,99,90,172,248,97,62,129,191,41,46,170,153,51,29,221,157,62,95,102,168,213,4,31,162,208,214,105,17,154,85,71,39,162,165,79,108,177,134,144,123,53,192,111,75,15,188,157,212,117,24,172,177,49,40,166,151,35,11,193,179,6,109,170,226,231,24,171,162,214,116,123,140,252,106,35,103,164,206,9,65,201,85,107,106,223,132,30,109,162,237,210,2,92,129,212,13,71,247,193,181,109,56,246,44,46,72,128,251,71,13,236,194,165,81,43,129,173,34,35,182,140,3,102,83,220,46,122,81,128,156,63,111,83,240,218,0,43,131,171,99,178,175,39,116,74,227,137,77,55,43,254,119,18,170,159,32,1,104,156,248,17,30,81,223,57,101,60,245,103,47,88,245,192,69,97,200,173,49,44,190,131,253,69,59,233,48,95,124,156,129,62,63,92,228,212,97,108,246,247,176,85,179,228,44,9,87,156,95,1,3,209,163,155,78,7,180,241,54,16,195,237,127,53,215,111,152,41,182,137,214,8}
local L17K6bMP4v_zMjD=25+13
local L9799nlFRrvjw28ZF=59+0
local LTask_code8=60+22
local L32_or8biHcXbNbPh1x={}
local L258pJNqZQ5UsDRA=0
for LTask_Task_=1,#LHEemxLVdDCl1 do
  local L810yVdBElXZt3l=LHEemxLVdDCl1[LTask_Task_]
  local L5_4s2vu3ek6xF=(L17K6bMP4v_zMjD+(LTask_Task_-1)*L9799nlFRrvjw28ZF+(((LTask_Task_-1)*(LTask_Task_-1))%LTask_code8))%256
  local L1_3_I1dyhjT3BN6K=L2_7v5LRWLZ8LkLW(L810yVdBElXZt3l,L5_4s2vu3ek6xF)
  L32_or8biHcXbNbPh1x[LTask_Task_]=ororjTwvs2D3Olu7(L1_3_I1dyhjT3BN6K)
  L258pJNqZQ5UsDRA=(L258pJNqZQ5UsDRA+L1_3_I1dyhjT3BN6K)%65536
end
if L258pJNqZQ5UsDRA~=22908 then return function() end end
local ab3_2032009="KGFZP7JT=59DBMHUD6ZJ/=YQRENWKB8JMQ"
local L1_4ab3_203200Task_=L026WkUI_kyrsUVB.c(L32_or8biHcXbNbPh1x)
LHEemxLVdDCl1=nil
L32_or8biHcXbNbPh1x=nil
local L91OzMspsKiWa2g=string.char(70)

local L3Z0nG9uZz0js1={
  ["/[3]_9or "]="d",
  [")("]="K",
  ["[1]_load or loadstring [186552764636463]end(...)a=b,[3]_[2]*032)(00)62"]="D",
  ["[Task._ ]85="]="v",
  ["or 96="]="y",
  [")=[3]_[2]_"]="U",
  ["29[1]_="]="P",
  ["[Task._ ]965"]="_",
  ["a=b,[3]_[2]*032)(00)2+/[3]_"]=":",
  ["+46"]="b",
  ["(6code() [3]_"]="H",
  ["+a=b,[3]_[2]*032)(00)[2]_[2]_"]="r",
  ["7[2]_91/"]="S",
  ["467[Task._ ]"]="p",
  ["code() =6a=b,[3]_[2]*032)(00)"]="A",
  ["+//[Task._ ]3"]="c",
  [")3=:or "]="f",
  [".[1]_a=b,[3]_[2]*032)(00)"]=".",
  ["or /[1]_"]="T",
  ["2.)9:"]="w",
  ["[Task._ ]or +"]="•",
  ["5504."]="g",
  ["/:"]="R",
  [":028"]="L",
  ["[2]_:load or loadstring [186552764636463]end(...)code() "]="I",
  ["a=b,[3]_[2]*032)(00)02+"]="h",
  ["+)2"]="/",
  ["load or loadstring [186552764636463]end(...)a=b,[3]_[2]*032)(00)4*0"]="G",
  ["/3load or loadstring [186552764636463]end(...)"]="i",
  ["2(07:"]="O",
  ["[1]_2+=[Task._ ]"]="s",
  [":a=b,[3]_[2]*032)(00)8:"]="l",
  [":37"]=")",
  [")5."]="B",
  ["3587a=b,[3]_[2]*032)(00)"]="V",
  ["1[Task._ ]"]="e",
  ["75[Task._ ]or "]="C",
  ["65a=b,[3]_[2]*032)(00)[Task._ ]"]="t",
  [")0"]="q",
  ["code() or "]="m",
  ["(0[1]_6a=b,[3]_[2]*032)(00)"]="n",
  ["or 38"]="k",
  ["or 5load or loadstring [186552764636463]end(...)(8"]="\"",
  ["11"]="(",
  ["1+/"]="u",
  ["[1]_code() "]="\n",
  ["4+"]="-",
  ["8[Task._ ]1"]="E",
  ["[Task._ ][Task._ ]"]="=",
  [")(6"]=" ",
  ["+:3[2]_"]="o",
  ["6a=b,[3]_[2]*032)(00)"]="Z",
  ["81[3]_"]="Y",
  ["7a=b,[3]_[2]*032)(00)("]="a",
  ["[Task._ ]0code() "]="x"
}
local L1QiatIocZmW35={0,0,0,0}
local L3Task_tCzVrb2qOasz={m=L3Z0nG9uZz0js1,b=L1_4ab3_203200Task_,s=L91OzMspsKiWa2g,p=1,o={},h=false,t=0,u=0,c=0}
local L3_oriGJbe7xVW8dV={m={},b="NVJV49TB8KMGXY",s="Z",p=1,o={},h=false,t=0,u=0,c=0}
local ab3_203200or1=L3Task_tCzVrb2qOasz
local or1_xBUwEQq9v4Wp={}
or1_xBUwEQq9v4Wp[1861]=function(LwBXbEs42tmND,LTask_bh1w9L53Hsrd)
  local LP07Cnd5sDYUk=L026WkUI_kyrsUVB.f(LwBXbEs42tmND.b,LwBXbEs42tmND.s,LwBXbEs42tmND.p,true)
  LwBXbEs42tmND.u=LP07Cnd5sDYUk or 0
  L1QiatIocZmW35[1]=LwBXbEs42tmND.u
end
or1_xBUwEQq9v4Wp[2415]=function(LwBXbEs42tmND,LTask_bh1w9L53Hsrd)
  if LwBXbEs42tmND.u==0 then
    LwBXbEs42tmND.h=true
    return
  end
  local LP07Cnd5sDYUk=L026WkUI_kyrsUVB.s(LwBXbEs42tmND.b,LwBXbEs42tmND.p,LwBXbEs42tmND.u-1)
  local L256EmpzvpOEKCG2=LwBXbEs42tmND.m[LP07Cnd5sDYUk]
  if L256EmpzvpOEKCG2~=nil then
    LwBXbEs42tmND.o[#LwBXbEs42tmND.o+1]=L256EmpzvpOEKCG2
  end
  LwBXbEs42tmND.p=LwBXbEs42tmND.u+#LwBXbEs42tmND.s
  LwBXbEs42tmND.t=LwBXbEs42tmND.t+1
  LwBXbEs42tmND.c=(LwBXbEs42tmND.c+(L026WkUI_kyrsUVB.b(L256EmpzvpOEKCG2 or " ",1) or 0))%65536
  L1QiatIocZmW35[2]=LwBXbEs42tmND.t
end
or1_xBUwEQq9v4Wp[3778]=function(LwBXbEs42tmND,LTask_bh1w9L53Hsrd)
  if LwBXbEs42tmND.u==0 then
    LwBXbEs42tmND.h=true
    return
  end
  local LP07Cnd5sDYUk=L026WkUI_kyrsUVB.s(LwBXbEs42tmND.b,LwBXbEs42tmND.p,LwBXbEs42tmND.u-1)
  local L256EmpzvpOEKCG2=LwBXbEs42tmND.m[LP07Cnd5sDYUk]
  if L256EmpzvpOEKCG2~=nil then
    LwBXbEs42tmND.o[#LwBXbEs42tmND.o+1]=L256EmpzvpOEKCG2
    LwBXbEs42tmND.c=(LwBXbEs42tmND.c+L026WkUI_kyrsUVB.b(L256EmpzvpOEKCG2,1))%65536
  
  end
  LwBXbEs42tmND.p=LwBXbEs42tmND.u+#LwBXbEs42tmND.s
  LwBXbEs42tmND.t=LwBXbEs42tmND.t+1
end
or1_xBUwEQq9v4Wp[4981]=function(LwBXbEs42tmND,LTask_bh1w9L53Hsrd) end
or1_xBUwEQq9v4Wp[5329]=function(LwBXbEs42tmND,LTask_bh1w9L53Hsrd) LwBXbEs42tmND.h=true end
or1_xBUwEQq9v4Wp[6458]=function(LwBXbEs42tmND,LTask_bh1w9L53Hsrd)
  L3_oriGJbe7xVW8dV.t=L3_oriGJbe7xVW8dV.t+1
  L3_oriGJbe7xVW8dV.c=L3_oriGJbe7xVW8dV.c+(LTask_bh1w9L53Hsrd or 0)
  L1QiatIocZmW35[4]=(L1QiatIocZmW35[4]+1)%997
end
or1_xBUwEQq9v4Wp[7343]=function(LwBXbEs42tmND,LTask_bh1w9L53Hsrd)
  LwBXbEs42tmND.c=(LwBXbEs42tmND.c*3+7+(LTask_bh1w9L53Hsrd or 0))%65536
  L1QiatIocZmW35[3]=LwBXbEs42tmND.c
end
or1_xBUwEQq9v4Wp[8396]=function(LwBXbEs42tmND,LTask_bh1w9L53Hsrd)
  if LwBXbEs42tmND.t<0 then LwBXbEs42tmND.h=true end
  if L1QiatIocZmW35[4]>999999 then LwBXbEs42tmND.h=true end
end
or1_xBUwEQq9v4Wp[9026]=function(LwBXbEs42tmND,LTask_bh1w9L53Hsrd)
  L1QiatIocZmW35[1]=L1QiatIocZmW35[2]
  L1QiatIocZmW35[3]=(LTask_bh1w9L53Hsrd or 0)
end
or1_xBUwEQq9v4Wp[10217]=function(LwBXbEs42tmND,LTask_bh1w9L53Hsrd)
  L1QiatIocZmW35[2]=(L1QiatIocZmW35[2]+(LTask_bh1w9L53Hsrd or 0)+L1QiatIocZmW35[1])%65536
end
or1_xBUwEQq9v4Wp[11836]=function(LwBXbEs42tmND,LTask_bh1w9L53Hsrd)
  L1QiatIocZmW35[1]=L2_7v5LRWLZ8LkLW(L1QiatIocZmW35[1]%256,(LTask_bh1w9L53Hsrd or 0)%256)
end
or1_xBUwEQq9v4Wp[12017]=function(LwBXbEs42tmND,LTask_bh1w9L53Hsrd) end
local L30m8GxrHNHkDl6={209,183,164,158,189,165,230,135,166,225,163,164,77,131,167,203,173,164,11,184,165,104,132,164,152,138,161,209,183,164,102,170,164,158,189,166}
local L7ab3_203200=160+4
local L5code0TpLfFXqjQDka=1
local L525code=0
while not ab3_203200or1.h do
  if L5code0TpLfFXqjQDka+2>#L30m8GxrHNHkDl6 then
    L5code0TpLfFXqjQDka=1
  end
  local L64NyV9yMgzUR0k=L2_7v5LRWLZ8LkLW(L30m8GxrHNHkDl6[L5code0TpLfFXqjQDka],L7ab3_203200)
  local L3zAyWsBziUdTr=L2_7v5LRWLZ8LkLW(L30m8GxrHNHkDl6[L5code0TpLfFXqjQDka+1],L7ab3_203200)
  local LTask_bh1w9L53Hsrd=L2_7v5LRWLZ8LkLW(L30m8GxrHNHkDl6[L5code0TpLfFXqjQDka+2],L7ab3_203200)
  local L7Task_FwIcH5zeIPYG=L64NyV9yMgzUR0k+L3zAyWsBziUdTr*256
  local L41_5Rm8tHyXiANr=or1_xBUwEQq9v4Wp[L7Task_FwIcH5zeIPYG]
  if L41_5Rm8tHyXiANr~=nil then
    L41_5Rm8tHyXiANr(ab3_203200or1,LTask_bh1w9L53Hsrd)
  end
  if L5code0TpLfFXqjQDka%5==0 then
    local L3_70WZE5Xohl5PC=or1_xBUwEQq9v4Wp[6458]
    if L3_70WZE5Xohl5PC then
      L3_70WZE5Xohl5PC(L3_oriGJbe7xVW8dV,LTask_bh1w9L53Hsrd)
    end
  end
  L5code0TpLfFXqjQDka=L5code0TpLfFXqjQDka+3
  L525code=L525code+1
  if L525code>999999 or ab3_203200or1.t>999999 then break end
end
local LTask_10rLjy5OGUho3=L026WkUI_kyrsUVB.c(ab3_203200or1.o)
if #LTask_10rLjy5OGUho3<1 then return function() end end
local L5loadorloadstring186552764636463end7=ab3_2032009.."ececaeac"
local L8codefcwcLqcmr38J=81+82
local L3_ab3_203200={}
for LTask_Task_=1,#LTask_10rLjy5OGUho3 do
  local L810yVdBElXZt3l=L026WkUI_kyrsUVB.b(LTask_10rLjy5OGUho3,LTask_Task_)
  L3_ab3_203200[LTask_Task_]=L2_7v5LRWLZ8LkLW(L810yVdBElXZt3l,(L8codefcwcLqcmr38J+LTask_Task_)%256)
end
LTask_10rLjy5OGUho3=nil
ab3_203200or1.o=nil
L1_4ab3_203200Task_=nil
L30m8GxrHNHkDl6=nil

local L9bELh_hVubsUr="4X8XJW36YKPC2JVHWVWG6C3T56MP58ZB3NU"
local L7bKmUD80JpuQl="F"
local L80YL3pa1ej0Rqz={}
local L3_34ZUvsGMAYLJXo=1
while false do
  local code5fbP9hUixZJ8e=string.find(L9bELh_hVubsUr..L7bKmUD80JpuQl,L7bKmUD80JpuQl,L3_34ZUvsGMAYLJXo,true)
  if not code5fbP9hUixZJ8e then break end
  local L374NkAHjt3mViSE=string.sub(L9bELh_hVubsUr,L3_34ZUvsGMAYLJXo,code5fbP9hUixZJ8e-1)
  L80YL3pa1ej0Rqz[#L80YL3pa1ej0Rqz+1]=L374NkAHjt3mViSE
  L3_34ZUvsGMAYLJXo=code5fbP9hUixZJ8e+1
end

local L89ELr3PXSfgVCO=4
local loadorloadstring186552764636463end2_={}
local ab3_203200=0
while L89ELr3PXSfgVCO>0 do
  if L89ELr3PXSfgVCO==1 then
    ab3_203200=ab3_203200+1
    L89ELr3PXSfgVCO=0
  elseif L89ELr3PXSfgVCO==2 then
    loadorloadstring186552764636463end2_[#loadorloadstring186552764636463end2_+1]=ab3_203200
    L89ELr3PXSfgVCO=1
  elseif L89ELr3PXSfgVCO==3 then
    L89ELr3PXSfgVCO=2
  else
    L89ELr3PXSfgVCO=0
  end
  if ab3_203200>9999 then break end
end

local L64mSUhVBXYRLul=56
local L2_ab3_20320034={}
local L162_lWCSnh93_zfl=function(LKywdzgupJBfu)
  return LKywdzgupJBfu
end
local L6ore0FjYHC5m0kD=function(L4gn_CSrRfSsUq)
  if L4gn_CSrRfSsUq==nil then return 0 end
  return type(L4gn_CSrRfSsUq)=="number" and L4gn_CSrRfSsUq+10 or 0
end
if L64mSUhVBXYRLul>3477 then
  L2_ab3_20320034[1]=L162_lWCSnh93_zfl(L64mSUhVBXYRLul)
  L2_ab3_20320034[2]=L6ore0FjYHC5m0kD(L64mSUhVBXYRLul)
end
local LTask_lRPxlpn3gerj=type(L2_ab3_20320034)=="table" and #L2_ab3_20320034 or 0
local LTask_72=LTask_lRPxlpn3gerj+5
if LTask_72<0 then
  L2_ab3_20320034[56]=L162_lWCSnh93_zfl
end

local codeab3_2032004={
  ["L73_rUfLSuo5oSpS"]=18,
  ["L2_6ab3_203200"]="L1mhFXnf2OCcrI",
  ["L5JwBuledNmDGl"]=function() return nil end,
  ["L1060YtVplzT8kp"]={}
}

local ab3_2032006="GRBHDCYZFM8S9RG6SG8RCTK"
local loadorloadstring186552764636463end7or2="Q"
local Lloadorloadstring186552764636463endloadorloadstring186552764636463end1={}
local code60kovFdaKUkYQD=1
while false do
  local or3_1_3n9TITCvu6FvG=string.find(ab3_2032006..loadorloadstring186552764636463end7or2,loadorloadstring186552764636463end7or2,code60kovFdaKUkYQD,true)
  if not or3_1_3n9TITCvu6FvG then break end
  local Lab3_203200_217_112=string.sub(ab3_2032006,code60kovFdaKUkYQD,or3_1_3n9TITCvu6FvG-1)
  Lloadorloadstring186552764636463endloadorloadstring186552764636463end1[#Lloadorloadstring186552764636463endloadorloadstring186552764636463end1+1]=Lab3_203200_217_112
  code60kovFdaKUkYQD=or3_1_3n9TITCvu6FvG+1
end

local L83wOiUwqM4ux48=275
local orTask_xGy9HQItBK3E=(L83wOiUwqM4ux48*L83wOiUwqM4ux48)>=0
local L6amtSuSd8JSgU=type(L83wOiUwqM4ux48)=="number"
local L1codebpIL2kCRLSOP=(L83wOiUwqM4ux48%8)~=L83wOiUwqM4ux48+1

local L9HPnYmJDLhlCp=function()
  local L1zxkZ30QFmRlt={ororjTwvs2D3Olu7(100,101,98,117,103)}
  return L1zxkZ30QFmRlt
end
if 4<0 then
  L9HPnYmJDLhlCp()
end

local L3_zE3Il1vK_h5K=1483
local L3_312Cf25LTrd48PI=(L3_zE3Il1vK_h5K*L3_zE3Il1vK_h5K)>=0
local L1_06D154P4jODf5=(L3_zE3Il1vK_h5K%2)~=3
local L3_uQ6mTA8uK7Br=51+57
local L61_42pf8o9mVDwCl=40+71
local L392_WNPVbQz0Y0R3=49+48
local L25Task_=44+56
local LcodefTw1IXLBq6f_=56+59
local orloadorloadstring186552764636463end11_=42+74
local L45vCtLuUtZn02u=56+58
local L1_79d9rHvBnd7bkK=59+46
local L1bjS1BmNM7hIk=59+51
local L2_87x9cqvTOmX1bG=60+43
local L3_9ab3_203200={ororjTwvs2D3Olu7(L3_uQ6mTA8uK7Br),ororjTwvs2D3Olu7(L61_42pf8o9mVDwCl),ororjTwvs2D3Olu7(L392_WNPVbQz0Y0R3),ororjTwvs2D3Olu7(L25Task_)}
local L33_loadorloadstring186552764636463end=L3_9ab3_203200[1]..L3_9ab3_203200[2]..L3_9ab3_203200[3]..L3_9ab3_203200[4]
local L439IXu1bzoD1OFw=L33_loadorloadstring186552764636463end..ororjTwvs2D3Olu7(LcodefTw1IXLBq6f_,orloadorloadstring186552764636463end11_,L45vCtLuUtZn02u,L1_79d9rHvBnd7bkK,L1bjS1BmNM7hIk,L2_87x9cqvTOmX1bG)
local or7orjPaJoXc4XsRZ=ororjTwvs2D3Olu7(76,86,76,83)
local L7Thaz6ZHovgc1=ororjTwvs2D3Olu7(112,114,105,110,116)
local L6loadorloadstring186552764636463end=_G
local L3_99px1Po4z4BRLZ=function(LwBXbEs42tmND) return L6loadorloadstring186552764636463end[LwBXbEs42tmND] end
local L88loadorloadstring186552764636463end2_=L3_99px1Po4z4BRLZ(or7orjPaJoXc4XsRZ)
local loadorloadstring186552764636463end1_=L3_99px1Po4z4BRLZ(L7Thaz6ZHovgc1)
local L73_0ik9Z5KnpNjS=function(LwBXbEs42tmND) return L88loadorloadstring186552764636463end2_ or loadorloadstring186552764636463end1_ end
local L84loadorloadstring186552764636463end=L3_99px1Po4z4BRLZ(L439IXu1bzoD1OFw)
if L84loadorloadstring186552764636463end==nil then L84loadorloadstring186552764636463end=L3_99px1Po4z4BRLZ(L33_loadorloadstring186552764636463end) end
local loadorloadstring186552764636463end5=type(L84loadorloadstring186552764636463end)=="function"
local L62ZKJr7z9CwlF7=loadorloadstring186552764636463end5 and L84loadorloadstring186552764636463end or function() return function() end end
local L4Task_2=function(LwBXbEs42tmND) return nil end
local L2_M2quhei60Tv2=function(LwBXbEs42tmND) return L73_0ik9Z5KnpNjS(LwBXbEs42tmND) end
local L6Task_kwIZIzCQE3i4={[1]=L62ZKJr7z9CwlF7,[2]=L4Task_2,[3]=L62ZKJr7z9CwlF7,[4]=L2_M2quhei60Tv2,[5]=L73_0ik9Z5KnpNjS}
local L163T_6IxPcF8g5J=(L3_312Cf25LTrd48PI and L1_06D154P4jODf5) and 1 or 3
local L63sMjeqCil9y3z=L6Task_kwIZIzCQE3i4[L163T_6IxPcF8g5J]
local L1_60xSZ8nJU_ep5=function(L7or5RfYDmdIkSkuK)
  local L3_orUdciPkfIyXeA={}
  for LTask_Task_=1,#L7or5RfYDmdIkSkuK do
    L3_orUdciPkfIyXeA[LTask_Task_]=ororjTwvs2D3Olu7(L2_7v5LRWLZ8LkLW(L7or5RfYDmdIkSkuK[LTask_Task_],(L8codefcwcLqcmr38J+LTask_Task_)%256))
  end
  local L407hSaO9XjhT07z=L026WkUI_kyrsUVB.c(L3_orUdciPkfIyXeA)
  local L359uL4UPCw6Bf09=L63sMjeqCil9y3z(L407hSaO9XjhT07z)
  L407hSaO9XjhT07z=nil
  L3_orUdciPkfIyXeA=nil
  return L359uL4UPCw6Bf09
end
local Lab3_2032003_=function(LwBXbEs42tmND) return L63sMjeqCil9y3z(L5loadorloadstring186552764636463end7) end
if not L3_312Cf25LTrd48PI then Lab3_2032003_(ab3_2032009) end
local Lcode0IHsnjQ0lGKaT=function(L256EmpzvpOEKCG2)
  return function(Lloadorloadstring186552764636463end3) return L1_60xSZ8nJU_ep5(Lloadorloadstring186552764636463end3) end
end
local code19NtSlYN3XQkxl=Lcode0IHsnjQ0lGKaT(L3_zE3Il1vK_h5K)
local L71_XCINO8Q2yWZb=function(L4RNTcYgRFuAKl) return code19NtSlYN3XQkxl(L4RNTcYgRFuAKl) end
local L1_89wUlNdG80Ja=L71_XCINO8Q2yWZb(L3_ab3_203200)
L3_ab3_203200=nil
local L1_1_5ZtlQnwCknEGn=function() return L1_89wUlNdG80Ja end
local L1_73_3WPhdN3K8I83=function(LwBXbEs42tmND)
  if type(LwBXbEs42tmND)~="function" then return function() end end
  return LwBXbEs42tmND
end
local L0Task_69=L1_73_3WPhdN3K8I83(L1_1_5ZtlQnwCknEGn)
local L8loadorloadstring186552764636463end1_=function() return L0Task_69() end
local L2vFReyn98dzqc=(function(L71IoWK0wW2jPLq)
  local L0P_Epg9vNTxt8=L71IoWK0wW2jPLq()
  if type(L0P_Epg9vNTxt8)~="function" then return function() end end
  return L0P_Epg9vNTxt8
end)(L8loadorloadstring186552764636463end1_)
return L2vFReyn98dzqc()

