--[[DeadLix V1.9.1 | Luau]]
local tl=("").char
local G3=function(a,b)
  a=a%256
  b=b%256
  local r,bit=0,1
  for i=1,8 do
    local x,y=a%2,b%2
    if x~=y then r=r+bit end
    a=math.floor((a-x)/2)
    b=math.floor((b-y)/2)
    bit=bit*2
  end
  return r
end
local dEA=type(string)=="table" and type(table)=="table" and type(_G)=="table"
if not dEA then return function() end end
local vyS=tl(65)
if vyS~=tl(65) then return function() end end

local sk=292
local Z7=(sk*sk)>=0
local SN=type(sk)=="number"
local ym=(sk%9)~=sk+1

local bJ=35
local ec={}
local aC=function(dI)
  return dI
end
local Gn=function(Pb)
  if Pb==nil then return 0 end
  return type(Pb)=="number" and Pb+30 or 0
end
if bJ>5502 then
  ec[1]=aC(bJ)
  ec[2]=Gn(bJ)
end
local wS=type(ec)=="table" and #ec or 0
local VU=wS+3
if VU<0 then
  ec[35]=aC
end
local Z4=99
local Oh={}
local DW=function(K7)
  return K7
end
local oZ=function(KY)
  if KY==nil then return 0 end
  return type(KY)=="number" and KY+15 or 0
end
if Z4>443 then
  Oh[1]=DW(Z4)
  Oh[2]=oZ(Z4)
end
local In=type(Oh)=="table" and #Oh or 0
local lCD=In+12
if lCD<0 then
  Oh[99]=DW
end
local CY=78
local v3={}
local MK=function(Q0)
  return Q0
end
local wR=function(tu)
  if tu==nil then return 0 end
  return type(tu)=="number" and tu+17 or 0
end
if CY>6907 then
  v3[1]=MK(CY)
  v3[2]=wR(CY)
end
local p5=type(v3)=="table" and #v3 or 0
local vc=p5+16
if vc<0 then
  v3[78]=MK
end

local ha={
  ["uS"]=88,
  ["Hn"]="qs",
  ["LG"]=function() return nil end,
  ["zE"]={}
}
local A9={
  ["vV"]=34,
  ["mt"]="yc",
  ["P0"]=function() return nil end,
  ["bz"]={}
}

local Xu=4
local Mk={}
local b8=0
while Xu>0 do
  if Xu==1 then
    b8=b8+1
    Xu=0
  elseif Xu==2 then
    Mk[#Mk+1]=b8
    Xu=1
  elseif Xu==3 then
    Xu=2
  else
    Xu=0
  end
  if b8>9999 then break end
end

local tw="SRSBEZE8JGDEQ9JE5YG6BEZL7"
local pu="W"
local QT={}
local Vag=1
while false do
  local t8=string.find(tw..pu,pu,Vag,true)
  if not t8 then break end
  local SC=string.sub(tw,Vag,t8-1)
  QT[#QT+1]=SC
  Vag=t8+1
end

local DH=418
local qy=(DH*DH)>=0
local rq=type(DH)=="number"
local bj=(DH%2)~=DH+1

local wf=54
local j5Y={}
local fn=function(Ok)
  return Ok
end
local x0=function(Hj)
  if Hj==nil then return 0 end
  return type(Hj)=="number" and Hj+33 or 0
end
if wf>7830 then
  j5Y[1]=fn(wf)
  j5Y[2]=x0(wf)
end
local hi=type(j5Y)=="table" and #j5Y or 0
local b4=hi+14
if b4<0 then
  j5Y[54]=fn
end
local fJ=19
local jk={}
local Eo=function(tb)
  return tb
end
local Va7=function(d3)
  if d3==nil then return 0 end
  return type(d3)=="number" and d3+18 or 0
end
if fJ>9051 then
  jk[1]=Eo(fJ)
  jk[2]=Va7(fJ)
end
local Pw=type(jk)=="table" and #jk or 0
local o4=Pw+8
if o4<0 then
  jk[19]=Eo
end
local Ju=69
local mm={}
local T6=function(Uq)
  return Uq
end
local vF=function(Lh)
  if Lh==nil then return 0 end
  return type(Lh)=="number" and Lh+17 or 0
end
if Ju>2263 then
  mm[1]=T6(Ju)
  mm[2]=vF(Ju)
end
local pO=type(mm)=="table" and #mm or 0
local kz=pO+16
if kz<0 then
  mm[69]=T6
end

local et=tl(102,105,110,100)
local js=tl(115,117,98)
local RQ=tl(99,111,110,99,97,116)
local eb=tl(98,121,116,101)
local Gz=string[et]
local Er=string[js]
local PD=table[RQ]
local zJ=string[eb]
local N8=type(Gz)=="function" and type(Er)=="function" and type(PD)=="function" and type(zJ)=="function"
if not N8 then return function() end end
local dv={f=Gz,s=Er,c=PD,b=zJ}
local xT=dv.b(tl(65),1)
if xT~=65 then return function() end end

local ea={154,235,215,18,2,220,140,176,18,44,22,58,131,178,187,19,47,3,247,175,153,124,22,42,55,130,139,118,113,177,185,198,161,189,83,40,207,161,238,153,127,99,70,220,146,156,172,93,118,56,201,141,197,113,27,219,45,151,213,71,99,116,191,149,230,199,123,103,179,39,239,138,8,44,39,51,133,140,140,15,4,20,144,139,190,164,44,213,168,255,239,165,59,122,29,181,154,224,74,122,41,208,251,58,18,46,12,196,230,251,197,11,7,63,158,248,75,188,101,113,136,181,170,183,18,110,49,157,230,179,21,106,44,221,163,43,4,124,46,195,242,152,180,36,10,70,200,145,85,103,37,24,47,141,184,101,50,9,247,179,129,105,93,46,105,251,237,196,193,12,0,225,249,159,79,117,125,212,158,132,252,14,115,74,166,158,131,220,71,113,3,202,253,159,88,125,44,148,151,75,168,100,60,233,168,129,76,81,5,210,202,227,137,96,19,60,47,234,155,0,14,96,229,244,233,115,104,112,105,65,184,69,123,11,11,176,157,157,187,53,21,34,237,228,94,4,94,10,192,136,59,182,102,46,60,151,191,164,103,123,207,48,153,128,19,22,221,176,209,177,162,76,62,196,217,146,93,117,6,83,211,224,241,188,51,123,31,205,242,177,94,0,75,138,194,254,92,20,182,43,149,187,247,111,46,40,251,236,53,193,120,101,250,231,66,62,65,45,182,195,165,58,124,109,115,251,244,204,94,115,2,40,228,246,184,100,27,56,232,170,86,180,24,80,142,207,154,67,29,12,211,130,242,67,95,108,13,240,155,198,214,106,41,35,150,129,166,124,99,69,70,171,93,17,125,99,53,178,248,219,68,104,104,200,239,189,95,20,217,246,205,155,80,18,20,214,254,136,74,27,125,214,220,144,232,106,127,199,181,213,181,209,24,6,45,227,179,168,70,16,195,243,153,168,57,1,98,51,234,134,190,31,103,216,249,198,252,64,2,52,249,144,164,31,91,18,232,168,191,149,114,100,209,69,226,159,100,105,9,252,147,241,12,117,13,29,254,169,191,46,106,8,77,221,244,187,83,97,83,222,130,197,99,80,213,36,140,178,118,69,31,156,187,225,103,65,86,105,239,236,73,196,30,15,252,135,143,120,119,27,245,249,147,210,182,42,203,224,145,163,48,120,2,45,240,156,186,18,58,220,249,230,135,33,30,164,67,227,69,183,100,215,45,251,129,59,82,25,8,154,251,62,40,65,53,172,205,168,64,32,125,229,247,153,166,94,105,19,45,219,247,181,61,113,62,192,128,48,3,59,118,218,152,88,184,4,40,32,249,168,167,123,124,208,200,136,159,7,118,220,205,198,92,88,65,176,207,252,233,235,18,32,223,223,142,169,83,108,31,42,144,159,66,98,95,244,44,231,196,123,61,9,206,239,240,71,9,4,200,198,172,130,116,122,195,180,172,220,223,18,109,43,234,171,163,70,47,205,146,133,176,48,23,10,35,163,143,162,80,13,79,228,137,93,16,27,42,251,177,225,49,3,15,200,129,245,95,68,33,10,226,224,61,87,34,62,33,159,213,177,25,34,215,173,226,102,102,107,32,193,234,233,86,120,15,216,157,235,88,22,52,1,198,132,93,3,123,42,134,215,210,2,100,69,84,143,249,64,73,25,18,228,140,143,110,100,27,225,242,248,154,11,40,215,210,146,237,172,87,2,66,175,150,167,50,124,63,129,162,117,176,126,74,132,148,166,119,65,58,225,217,221,212,9,5,207,194,175,215,19,5,127,238,134,131,115,12,24,62,206,188,68,102,125,92,213,242,131,80,120,18,203,133,163,94,99,120,58,226,151,38,69,0,197,63,138,64,190,114,100,203,182,171,148,110,110,193,169,210,69,62,80,182,221,247,143,106,0,6,52,171,135,235,183,76,115,89,201,135,186,26,18,222,133,195,157,64,18,205,34,251,77,164,12,205,50,255,226,74,54,42,18,227,226,76,47,105,205,165,234,61,81,98,125,26,144,177,74,30,115,80,205,229,235,54,111,26,198,249,176,127,68,5,51,227,182,131,68,34,113,223,172,136,103,37,88,57,141,244,85,91,56,54,41,153,190,189,98,56,77,218,71,77,101,19,45,185,248,150,202,47,12,57,213,145,182,125,56,214,128,250,169,109,43,29,160,140,132,35,4,118,214,215,163,161,106,120,212,219,185,194,182,32,86,35,189,201,66,82,106,242,147,208,178,95,115,44,184,252,143,48,119,36,197,142,58,238,45,16,216,254,128,169,120,109,86,255,255,189,213,11,108,209,210,189,160,118,10,112,252,234,137,96,28,109,36,136,192,63,106,11,83,183,226,136,189,39,4,33,237,136,58,117,42,254,174,248,84,117,105,58,135,214,166,119,116,36,38,247,229,88,92,62,41,248,140,147,103,23,23,253,251,209,203,93,192,165,143,159,188,32,102,39,192,128,183,93,122,89,247,139,246,167,21,47,233,215,130,92,188,4,206,195,236,148,70,85,63,86,129,143,95,123,119,213,220,144,83,93,127,119,233,252,177,186,90,99,103,76,252,249,165,78,20,57,249,138,94,31,208,25,213,145,41,75,1,180,47,155,48,181,0,26,192,199,217,169,3,113,235,149,227,71,38,107,213,250,251,245,214,98,53,199,159,252,175,80,114,91,200,237,161,46,2,40,243,210,159,71,118,53,87,237,168,237,70,49,100,225,210,168,176,23,11,219,215,197,177,204,42,62,64,165,177,89,85,179,151,131,151,164,35,1,9,63,234,242,178,118,21,187,252,191,99,2,109,50,143,188,151,71,33,126,168,191,227,96,65,37,62,134,226,95,65,54,65,214,221,163,70,56,41,204,227,137,112,127,38,203,229,250,185,90,121,40,193,128,219,105,6,218,84,197,231,94,127,124,46,146,158,197,6,116,199,73,134,249,86,69,34,45,132,157,230,118,12,100,232,144,157,169,38,70,220,151,133,188,70,109,25,54,147,132,178,30,15,213,130,188,113,56,1,211,139,248,162,121,30,37,238,249,171,191,12,124,195,221,193,183,9,111,20,247,247,135,6,13,58,41,204,51,16,114,12,63,251,241,191,34,5,63,223,239,165,120,41,7,39,247,216,30,36,31,212,207,137,65,35,110,3,236,208,162,189,31,116,150,242,241,88,42,102,214,149,230,144,2,100,54,178,252,254,212,63,116,1,55,151,228,54,96,79,200,139,74,170,106,38,148,217,253,91,184,120,197,212,146,146,112,33,88,32,250,255,25,23,100,174,239,245,70,125,10,97,66,214,202,64,15,14,74,195,154,220,67,20,51,216,157,82,2,90,9,211,244,81,189,124,65,9,245,168,186,1,16,49,34,134,145,84,83,36,197,215,168,199,74,89,74,202,210,89,98,22,29,35,217,243,147,85,25,25,42,240,148,56,7,59,147,181,236,168,115,77,52,227,165,156,20,37,26,151,250,162,206,2,10,251,250,84,55,65,53,77,194,197,73,74,21,2,248,137,178,54,27,104,53,205,243,222,71,2,62,145,152,71,172,29,43,203,158,155,92,10,102,55,145,140,88,185,16,17,156,169,168,197,0,9,1,135,159,140,9,6,55,49,175,54,65,96,10,45,193,233,134,80,106,12,180,239,183,79,26,218,225,222,135,34,108,114,73,138,229,179,126,114,214,38,137,249,105,41,74,68,227,135,208,101,16,43,148,140,190,54,80,211,253,132,185,85,16,3,69,200,151,165,65,2,195,238,212,155,195,116,64,226,163,224,127,60,30,225,212,166,225,115,118,33,44,157,145,115,99,119,198,146,237,72,114,109,23,153,147,160,63,19,0,95,192,248,144,59,106,10,215,226,223,107,110,163,81,148,179,25,57,19,174,196,226,80,67,28,97,253,232,186,185,3,108,134,254,239,116,25,98,153,254,225,155,180,39,177,240,252,236,90,28,3,54,215,137,165,107,30,206,245,214,141,86,7,216,55,142,168,181,120,47,38,254,145,91,176,99,14,253,158,79,58,55,41,60,210,167,87,75,30,175,128,153,167,88,23,22,86,178,229,146,47,110,54,216,250,169,116,89,115,220,255,50,209,116,39,102,153,171,223,109,21,194,80,230,157,111,121,222,221,222,181,74,70,39,213,242,242,156,113,21,68,193,158,148,186,26,4,47,150,141,171,102,37,221,32,152,187,96,44,4,218,135,143,57,24,23,209,220,134,152,16,96,37,59,233,215,180,112,25,56,139,239,184,174,56,185,250,249,146,188,83,104,42,206,252,134,67,107,33,171,151,69,25,68,4,205,135,247,93,25,98,185,150,250,80,66,104,25,254,227,75,72,86,44,41,236,135,176,105,44,54,212,251,77,4,28,47,189,248,230,180,113,116,57,228,139,74,4,71,115,196,150,206,13,125,34,228,172,155,126,93,82,23,229,233,89,161,17,17,251,140,238,102,31,98,156,250,128,156,10,49,54,208,251,132,186,82,116,58,195,231,169,39,7,57,241,185,67,161,111,68,236,205,137,28,86,29,249,215,215,146,103,110,200,55,239,145,127,7,28,246,136,137,96,102,9,50,75,190,77,27,14,84,198,255,234,187,102,13,60,150,213,44,11,116,108,171,136,83,178,7,192,56,240,59,184,22,116,208,218,158,226,124,124,203,200,198,197,44,93,76,190,174,151,114,8,26,41,210,248,128,218,58,14,85,214,130,178,41,17,219,140,164,155,81,13,190,68,237,192,208,8,39,61,135,131,85,57,3,107,240,154,36,71,88,215,219,200,76,94,101,105,11,144,183,71,73,13,41,184,253,250,176,110,110,200,227,218,97,174,99,48,232,188,231,68,27,14,193,143,153,40,51,42,13,243,242,88,78,94,42,52,145,234,222,6,95,56,223,188,38,127,23,40,177,250,129,162,84,119,60,222,139,177,119,0,223,130,147,161,123,38,28,193,253,137,94,31,7,191,183,200,148,25,26,203,184,163,185,186,30,87,74,235,172,90,66,112,237,251,234,193,39,13,26,199,150,155,57,96,8,221,135,176,159,61,3,206,243,254,181,117,91,48,134,242,190,171,112,109,197,213,155,231,103,25,110,226,241,155,124,112,0,20,155,190,65,84,104,31,77,175,139,165,43,122,57,219,252,172,121,57,224,32,250,204,13,22,44,228,220,167,99,84,39,54,251,232,74,77,47,52,240,141,153,111,112,121,142,143,224,187,80,46,220,129,154,168,89,111,9,205,159,147,71,103,36,195,129,147,170,22,13,204,215,153,64,182,101,181,34,244,240,38,93,89,101,236,135,95,91,88,195,192,173,84,81,22,109,147,139,159,189,82,97,30,48,163,140,176,32,0,39,245,151,76,17,78,5,211,152,90,172,110,182,80,242,83,181,30,100,216,176,162,135,127,13,173,205,153,64,78,101,187,203,224,142,232,11,43,193,224,131,212,67,11,20,210,253,157,68,12,68,224,202,137,173,108,54,28,160,213,134,90,41,5,242,212,182,162,107,120,202,167,218,163,198,27,39,55,232,221,181,59,197,166,251,129,177,79,27,127,42,175,132,180,78,28,60,241,166,65,30,17,63,154,185,148,66,10,27,215,231,255,79,86,92,87,252,246,89,84,68,70,75,173,166,176,33,62,195,168,248,110,124,57,36,160,139,171,83,106,11,184,250,167,43,4,176,21,198,233,78,13,111,52,132,144,215,122,125,75,95,158,252,88,50,35,51,129,241,132,96,124,17,238,133,147,170,110,34,201,148,153,218,74,98,0,51,200,139,181,107,25,179,240,182,19,94,30,189,143,231,180,108,73,89,250,231,196,163,114,118,194,181,171,168,22,13,109,137,254,147,104,126,83,42,207,74,37,124,3,49,160,246,182,75,109,58,200,249,189,17,10,113,95,243,223,110,78,5,213,46,138,85,48,16,118,215,221,171,209,106,118,221,237,247,50,32,105,222,203,155,231,13,3,75,56,210,240,238,181,103,114,42,196,245,177,100,7,203,157,51,147,93,104,212,178,139,95,206,0,204,35,141,251,45,40,40,50,243,240,124,99,101,173,218,255,80,31,115,25,34,131,174,86,107,114,63,173,244,180,65,123,44,218,248,182,123,63,17,218,254,185,160,17,33,13,216,163,141,111,37,37,56,151,239,91,82,74,35,54,215,168,162,92,58,183,174,86,99,97,5,39,205,138,226,201,112,10,45,150,135,51,15,60,235,242,234,160,120,72,10,219,163,131,44,54,20,149,193,200,161,5,118,219,201,182,185,78,33,63,201,214,199,80,28,119,140,153,221,84,14,113,84,219,232,161,67,99,88,249,157,85,166,82,18,165,156,233,204,2,31,53,240,252,79,182,123,21,208,208,163,191,112,100,31,238,149,231,100,117,21,71,165,191,47,97,114,36,221,227,144,176,111,126,49,227,239,90,24,59,245,220,132,81,122,98,49,253,255,205,12,113,76,37,152,159,90,71,38,63,134,132,155,3,3,111,151,149,219,167,43,195,224,139,159,173,109,2,93,163,138,161,94,12,62,149,211,235,176,5,88,234,209,157,90,55,13,168,196,151,142,19,77,56,40,139,151,24,28,103,198,205,159,76,29,125,111,253,151,215,73,26,12,53,203,232,152,183,22,25,203,135,178,64,19,205,43,254,174,109,74,28,207,51,128,34,67,15,9,244,212,216,218,29,3,234,135,137,52,106,26,168,238,243,157,189,45,62,169,142,226,187,71,21,49,219,135,220,41,97,177,252,164,252,63,14,207,32,232,185,151,111,38,33,234,230,177,189,30,112,213,202,165,79,53,85,61,185,186,168,88,87,162,254,133,150,173,83,127,17,219,226,130,180,30,30,196,228,168,114,53,100,75,227,169,180,29,52,18,254,175,238,102,116,62,53,245,138,27,108,213,202,206,190,178,58,61,206,173,249,152,123,18,58,193,232,157,190,82,23,47,192,133,190,101,10,161,33,241,186,81,108,123,206,245,227,172,31,114,187,41,151,128,118,82,51,57,142,145,143,14,120,28,139,137,191,175,61,217,172,238,134,166,43,110,31,221,234,230,74,101,37,209,134,55,107,85,102,201,236,241,185,15,111,42,139,240,69,204,29,16,230,213,173,191,99,11,53,155,130,174,11,99,43,205,168,87,118,112,47,181,145,145,179,64,23,36,193,247,52,6,56,2,38,140,162,7,35,9,237,164,138,119,89,94,7,239,237,174,203,6,10,244,130,224,75,119,5,200,249,231,151,112,111,59,220,229,152,160,67,105,30,210,234,233,64,14,95,229,157,94,218,124,41,158,202,237,85,66,26,223,221,146,149,97,106,76,62,150,234,106,109,3,239,225,227,127,96,121,17,50,217,76,18,112,13,184,229,136,175,94,112,67,158,153,91,115,41,10,213,135,54,182,99,59,93,229,175,171,99,119,199,47,229,155,107,104,207,212,195,162,185,49,45,219,188,233,95,105,27,45,207,233,139,178,73,120,8,195,133,211,91,9,67,246,185,134,51,17,206,59,238,171,152,110,59,83,231,233,50,162,105,4,238,225,74,92,88,58,191,187,195,54,121,3,117,150,143,176,78,7,8,74,247,139,175,18,114,70,246,213,73,161,104,48,247,222,227,67,100,8,181,235,147,32,76,30,9,250,232,203,215,106,87,62,245,141,210,19,3,90,40,167,87,101,14,99,83,162,230,180,56,112,102,196,147,173,90,103,208,149,198,131,73,3,29,215,141,236,54,19,106,214,210,128,138,96,118,179,186,169,211,163,31,20,82,147,182,164,84,18,210,128,224,208,54,104,97,83,228,251,201,16,31,192,246,180,144,84,4,61,139,146,216,122,87,102,156,211,160,229,107,109,202,79,128,133,114,16,109,245,232,242,24,123,10,10,135,170,186,85,110,19,77,199,228,167,92,3,93,163,130,172,122,59,210,71,235,181,108,81,8,152,218,144,105,34,44,20,130,253,66,166,109,99,136,253,128,102,96,1,247,239,224,164,176,55,216,230,132,213,57,5,96,35,224,236,203,104,56,221,159,159,137,80,24,163,49,241,54,184,116,216,69,251,134,75,69,18,5,236,246,94,32,87,55,192,196,178,73,47,30,138,136,138,170,55,31,13,94,208,132,171,89,122,62,196,247,64,105,65,123,192,131,61,196,113,63,41,141,188,188,112,104,180,206,129,128,27,14,196,166,220,83,61,82,200,214,251,238,158,125,57,201,207,234,163,55,105,20,36,225,131,58,108,37,237,79,254,190,29,58,17,205,235,252,60,25,15,208,219,162,128,96,26,198,205,163,189,160,22,110,89,253,209,173,67,71,167,237,139,221,78,98,28,66,162,135,210,64,115,48,249,137,83,98,22,48,254,163,158,73,31,110,216,232,137,62,93,36,9,232,224,60,79,45,34,75,144,167,168,118,95,189,161,248,19,127,7,36,215,145,237,86,119,19,214,234,149,64,21,68,28,164,159,67,22,115,35,130,216,161,13,108,68,51,230,229,91,76,4,12,138,142,148,4,98,19,146,237,134,144,31,86,209,211,135,232,184,80,12,34,186,237,187,87,3,75,139,217,110,214,5,83,137,233,210,101,84,56,231,205,171,177,126,114,190,200,186,165,11,16,8,140,234,154,96,19,21,41,191,160,92,3,11,52,168,253,233,59,113,25,220,229,188,67,107,31,87,243,158,68,55,19,188,76,232,66,211,23,105,218,180,178,157,114,105,199,222,170,64,93,74,221,171,224,249,118,20,21,62,218,249,231,198,64,123,52,211,156,182,105,17,198,247,189,144,89,102,196,58,143,94,214,112,194,61,134,232,93,78,81,101,147,131,67,72,23,207,174,237,38,89,0,22,9,151,181,88,31,111,37,188,135,232,60,97,108,199,135,173,120,72,9,80,131,193,130,39,60,127,200,187,228,117,65,52,38,134,253,57,88,49,36,37,147,190,162,104,36,46,167,84,73,13,24,33,197,231,242,161,87,127,92,216,132,180,102,74,201,131,226,164,30,84,99,216,245,255,57,107,7,168,218,170,185,112,102,214,192,181,203,181,43,52,63,215,198,80,40,116,240,145,182,185,65,5,63,199,140,143,57,99,34,207,154,95,157,41,25,192,149,247,198,13,124,90,252,240,175,187,6,103,213,208,170,216,21,120,27,240,234,158,105,5,19,42,238,162,73,20,25,90,202,226,128,179,72,11,53,149,226,48,114,58,225,193,134,52,9,112,42,252,201,172,14,114,39,60,148,244,85,49,48,34,248,138,143,4,15,97,134,146,160,175,88,214,195,129,226,196,74,125,57,191,225,208,55,105,57,141,135,231,166,21,53,225,189,255,34,180,15,217,196,154,147,80,84,39,59,247,239,84,20,98,195,207,251,84,77,119,8,235,159,183,198,67,126,4,63,147,131,164,88,121,78,243,226,37,115,218,12,164,235,65,57,31,178,52,233,57,174,10,16,205,194,162,172,14,22,251,253,254,83,73,25,222,155,238,229,175,28,51,221,155,158,178,38,96,90,197,252,173,87,27,49,244,186,150,83,122,38,50,159,197,152,47,94,104,146,204,195,161,7,98,197,221,194,208,202,82,53,65,188,193,91,79,189,245,239,139,181,64,10,28,51,148,248,160,11,20,206,252,163,119,24,111,55,251,185,142,46,46,26,194,168,229,30,83,73,62,146,233,82,43,47,57,204,166,195,73,43,71,200,255,133,121,3,49,222,241,248,160,83,9,44,162,240,189,24,21,200,62,223,225,34,111,123,41,245,159,168,7,122,187,49,156,135,32,89,59,47,151,139,144,12,125,121,133,147,139,221,32,66,220,135,141,173,70,27,3,56,145,148,195,99,31,197,130,169,126,73,20,197,128,247,192,5,15,89,238,227,182,194,28,17,169,196,168,199,14,15,101,253,230,238,15,18,51,41,213,54,104,4,11,56,248,138,166,85,9,81,191,238,168,97,43,10,33,224,223,126,72,99,193,221,247,34,34,110,5,228,194,164,173,28,23,227,235,154,36,35,126,214,154,131,142,113,106,49,195,233,246,180,85,111,123,40,247,150,72,15,46,213,143,71,175,101,32,249,201,243,69,161,12,193,179,233,250,97,66,32,52,131,250,116,105,127,211,224,255,85,103,20,22,51,161,180,85,96,101,50,200,153,164,39,121,38,167,134,87,110,91,124,221,129,79,188,103,48,18,255,187,179,120,16,61,63,146,152,71,72,37,182,222,185,161,56,52,63,211,222,35,99,20,24,60,215,142,142,65,24,9,70,226,158,64,127,32,231,165,253,203,118,36,39,237,187,147,25,58,14,248,247,180,180,117,31,234,145,70,93,53,61,77,179,170,70,67,126,23,229,237,196,60,124,17,47,175,151,220,33,17,63,129,129,70,160,25,51,217,135,140,74,11,0,70,226,146,90,176,24,121,244,202,199,167,12,108,3,156,245,225,108,103,44,50,177,86,93,111,1,38,217,251,232,73,105,103,208,237,160,94,114,197,253,211,224,73,2,97,34,150,241,164,20,119,221,76,141,156,120,76,34,32,146,140,212,116,28,86,129,148,187,61,95,195,241,145,215,78,28,124,76,162,156,197,55,8,201,239,185,140,206,114,54,230,214,129,119,53,24,148,192,177,128,118,108,59,41,241,150,16,124,1,201,156,142,71,26,117,13,133,129,162,75,105,126,91,176,229,152,58,25,18,192,131,180,102,16,167,56,255,175,5,67,4,217,204,237,86,64,2,31,224,225,186,168,19,108,226,232,248,115,27,4,150,246,147,140,170,35,180,255,248,147,62,104,11,40,181,248,202,18,11,189,129,196,135,80,102,190,38,235,187,179,107,48,58,235,147,78,209,6,15,246,255,75,63,75,50,67,198,194,85,75,114,200,253,144,180,55,109,17,78,220,225,229,80,121,45,223,250,169,127,87,117,199,141,75,160,4,39,14,228,190,211,15,24,205,81,232,229,31,99,188,198,215,165,79,65,59,221,231,247,252,15,4,63,222,225,157,196,118,26,35,244,130,186,12,62,210,64,232,179,31,46,121,183,137,252,93,0,22,205,188,237,226,122,98,36,75,139,209,223,27,28,73,145,143,167,195,33,204,230,225,138,189,47,122,51,216,234,230,79,116,54,200,157,66,10,84,104,171,135,249,90,9,105,197,132,249,66,54,30,23,228,144,82,64,81,61,85,157,154,161,22,52,52,203,147,34,29,105,54,217,130,151,194,109,101,62,151,133,90,121,43,27,188,232,178,15,23,84,148,196,237,98,93,51,15,250,156,41,207,97,14,143,225,140,123,117,14,243,231,153,145,120,48,83,167,232,251,180,76,124,43,208,227,202,91,115,59,224,161,67,189,4,40,255,166,245,125,85,113,148,175,190,152,101,100,208,72,227,149,112,22,3,225,252,138,122,124,9,38,51,191,90,27,12,50,211,226,225,195,108,105,40,253,180,92,123,119,27,209,129,94,190,113,220,37,230,73,199,6,122,211,219,128,133,116,25,214,196,194,196,93,84,35,202,172,230,116,124,4,91,219,230,133,167,78,119,53,202,130,179,67,102,205,254,168,159,71,7,199,56,225,190,172,98,59,88,142,251,71,56,29,7,243,133,65,93,78,199,209,220,53,85,26,115,30,137,214,85,86,125,44,213,148,231,181,122,6,177,224,210,107,211,115,64,252,189,151,79,12,124,166,150,250,47,63,89,9,130,226,64,95,52,34,90,253,233,222,12,90,44,181,164,74,29,17,55,223,229,245,184,74,2,83,220,149,189,125,22,193,144,235,183,118,33,14,202,153,139,89,20,116,205,179,169,156,122,108,217,199,173,166,191,105,45,54,231,182,91,43,96,237,229,128,161,38,116,29,177,226,230,78,125,102,209,134,167,145,53,124,191,134,253,223,6,66,35,251,155,182,176,126,8,194,215,158,135,100,7,20,159,246,134,107,118,121,15,145,216,89,38,114,30,48,223,144,167,85,7,66,166,242,166,5,84,247,44,244,163,13,112,83,249,215,186,28,34,87,37,224,254,69,66,87,91,234,239,157,121,119,123,227,150,233,188,89,79,201,232,246,215,56,0,18,199,246,140,64,10,36,216,135,237,189,111,19,216,183,255,37,221,111,198,51,251,233,64,56,49,1,130,235,78,33,39,172,185,208,65,73,112,113,240,147,158,180,39,2,109,32,217,251,220,95,9,74,249,147,65,118,44,4,208,250,71,169,120,206,82,241,72,171,11,115,209,203,188,156,4,107,196,218,242,57,40,19,206,197,224,156,146,98,51,206,245,142,178,58,96,30,197,233,226,60,31,71,252,211,226,186,101,35,23,203,183,139,94,41,103,233,209,209,185,98,13,196,193,183,169,161,108,41,49,239,163,206,65,208,162,242,140,182,72,19,123,75,219,148,223,41,21,63,230,218,94,6,104,84,225,184,145,76,6,0,216,148,251,84,87,80,57,227,139,89,93,42,47,42,212,162,187,84,63,187,211,224,18,5,34,35,220,248,209,50,115,11,185,132,185,92,4,187,31,192,150,55,5,102,55,229,255,169,7,98,53,55,132,136,33,82,82,33,156,156,152,115,98,13,239,142,234,180,106,39,207,241,149,191,69,20,9,65,213,139,176,16,6,206,248,190,122,57,113,202,150,248,218,108,32,32,158,224,167,189,115,10,212,203,175,214,4,118,27,234,139,145,117,3,81,63,194,54,72,99,23,48,221,128,173,51,122,54,195,253,186,104,106,121,36,157,179,124,75,8,173,84,251,42,90,100,123,205,195,160,187,14,110,168,244,231,87,39,28,180,221,148,241,104,124,32,43,205,251,156,173,22,24,52,213,133,174,120,108,173,129,86,156,69,4,212,184,134,86,179,118,184,44,243,143,64,87,93,49,147,137,16,126,106,221,216,238,35,125,111,20,60,136,171,77,124,15,42,163,231,182,85,105,62,204,129,175,3,51,15,181,241,180,168,30,40,4,194,178,235,98,41,65,86,248,227,34,63,48,59,73,169,181,191,44,36,193,175,95,114,108,2,63,214,143,140,179,17,14,44,155,155,48,15,54,227,129,228,160,108,77,108,175,182,143,66,83,3,151,162,167,161,104,96,206,209,199,173,67,95,64,223,168,186,41,122,11,135,137,217,91,109,28,80,200,147,189,35,12,90,241,234,81,160,33,19,219,254,253,182,18,98,62,139,131,68,162,124,16,212,221,166,179,3,7,18,133,156,136,20,5,24,52,179,177,95,101,3,62,201,228,128,191,21,127,51,229,227,74,17,59,132,221,134,88,15,111,51,251,235,196,110,108,77,41,240,137,93,94,51,33,158,145,228,109,114,99,159,225,215,169,64,194,252,241,142,200,117,5,49,160,128,208,80,117,78,241,165,254,205,110,95,154,215,231,65,78,27,167,208,243,148,18,42,68,58,249,157,101,21,100,216,180,239,92,117,123,14,243,227,173,54,27,107,90,222,252,224,184,30,28,171,245,171,81,26,222,36,252,160,108,69,27,167,52,157,77,72,100,114,232,161,167,190,30,2,154,251,243,84,112,123,219,224,153,157,186,40,73,220,249,140,163,68,20,49,163,152,187,74,104,220,254,204,140,57,14,208,44,249,193,141,107,61,43,239,232,175,180,113,26,199,182,176,69,93,60,62,204,167,179,88,93,217,249,134,232,202,82,116,102,199,248,146,201,121,16,216,253,172,108,82,108,46,254,165,176,28,69,27,145,219,236,23,114,74,57,142,156,112,105,183,174,185,194,166,51,47,181,198,245,245,109,0,45,200,156,228,172,38,116,85,193,149,206,24,1,171,49,155,163,55,104,18,195,159,224,173,0,115,198,41,137,146,115,92,32,69,159,229,137,108,1,30,252,157,191,193,40,215,205,247,148,161,38,100,28,201,229,130,80,0,93,221,158,65,98,72,28,171,151,226,184,115,24,43,250,250,95,188,100,28,240,214,201,163,28,22,35,128,140,175,6,29,32,222,214,91,24,13,62,196,252,128,219,45,19,57,223,230,60,28,38,107,74,248,197,127,76,17,230,188,239,23,81,57,2,242,239,191,193,120,127,155,247,237,77,96,114,168,155,130,153,1,99,68,199,225,242,177,75,121,110,212,253,159,35,104,63,230,144,47,167,98,54,224,216,148,95,91,16,160,223,128,150,127,21,71,68,147,136,98,110,116,148,241,252,106,9,5,28,41,195,52,28,10,13,177,231,149,160,93,97,71,242,133,75,20,95,30,193,158,49,189,31,42,33,254,162,167,12,104,199,70,158,253,113,121,211,218,193,175,175,60,59,209,188,240,72,12,29,44,204,238,255,180,70,14,105,197,253,173,91,111,40,226,166,143,49,123,183,37,132,205,246,28,63,81,254,233,89,177,2,9,248,236,73,56,88,36,193,218,168,74,25,97,27,149,136,180,82,10,2,52,145,143,174,24,7,77,137,185,91,169,126,61,248,222,254,60,6,124,220,230,151,34,60,14,25,129,254,171,181,98,51,32,137,138,177,11,111,40,47,161,83,27,122,21,39,205,240,171,67,120,106,187,225,210,65,22,213,135,213,155,86,105,6,194,129,131,81,12,12,213,187,145,148,98,100,209,207,165,215,213,125,103,50,128,213,186,53,108,179,242,225,189,92,117,13,42,155,229,181,22,99,186,132,163,249,76,6,38,237,233,210,5,33,105,243,163,178,239,110,112,182,44,131,139,112,10,108,140,156,227,13,116,30,16,130,185,174,63,122,98,62,221,248,186,65,6,56,217,253,222,114,57,179,69,141,170,119,77,17,245,187,224,105,93,78,29,253,226,73,168,25,2,248,247,136,122,5,8,251,228,159,214,194,58,181,254,149,178,64,29,6,60,236,134,183,106,47,204,130,242,151,44,19,216,32,229,92,187,108,180,42,151,225,49,88,28,12,238,158,71,70,80,43,176,192,176,69,85,114,238,236,151,215,82,114,99,32,215,225,179,69,119,33,211,154,65,112,32,10,186,250,68,191,13,56,52,240,201,188,117,96,203,223,159,231,112,1,221,218,222,54,91,82,196,219,248,131,230,3,54,208,169,230,222,77,2,20,77,251,132,67,97,60,155,82,248,193,26,93,106,199,238,140,72,2,24,209,185,200,236,6,115,190,222,212,182,182,98,10,60,137,165,173,59,47,218,151,138,173,90,10,114,36,219,138,174,58,15,36,225,152,66,124,127,57,155,179,224,73,11,117,198,231,153,93,66,63,106,255,251,76,71,33,39,32,159,190,177,23,34,215,166,225,118,103,22,69,175,240,229,84,121,0,200,159,138,86,118,56,96,195,132,68,117,127,38,247,209,182,13,23,59,55,233,135,80,61,22,118,248,243,242,116,9,118,149,226,159,231,99,55,186,196,133,152,211,41,19,47,192,235,185,81,2,50,231,178,121,172,123,44,143,233,217,123,62,45,232,166,161,184,14,115,220,211,163,165,16,114,31,243,245,132,99,20,107,83,200,175,87,105,17,38,168,247,128,71,27,110,212,138,164,68,21,31,49,240,148,44,91,1,197,51,253,60,183,18,122,217,223,165,227,99,102,193,205,210,64,49,66,204,160,225,237,19,11,104,79,206,243,137,165,79,29,82,162,241,160,98,13,190,151,203,238,67,26,189,37,233,79,210,107,192,79,246,235,85,60,86,24,249,241,93,71,107,192,209,151,54,54,25,21,22,155,221,92,119,118,57,214,135,135,92,8,103,166,244,188,111,89,105,63,139,187,158,75,34,21,217,175,149,23,44,64,72,232,254,70,63,58,32,70,141,191,197,1,51,68,182,43,46,123,11,49,222,237,149,162,95,1,90,171,244,173,108,90,173,154,229,212,113,41,26,161,139,149,85,119,29,206,214,162,220,113,123,207,222,187,182,190,57,47,68,182,168,76,74,6,148,245,161,164,79,25,45,186,237,154,91,126,60,174,158,70,154,76,109,189,144,129,160,108,122,44,233,254,183,184,18,126,217,193,210,173,2,113,23,238,131,131,123,26,12,48,235,190,74,21,11,80,205,245,243,179,89,27,49,154,230,62,122,37,154,181,155,71,12,17,41,225,217,209,124,114,54,50,154,254,88,71,95,33,143,247,140,102,120,25,240,150,185,162,59,206,221,139,158,196,86,111,90,203,246,189,76,6,69,156,155,228,220,27,56,227,194,247,80,168,0,171,200,134,132,64,74,46,95,247,241,68,100,22,189,204,149,75,65,121,105,244,149,166,165,86,4,8,79,246,142,164,72,22,60,153,156,32,4,206,28,174,142,84,67,9,221,72,244,71,172,31,116,192,174,160,205,4,18,245,148,159,81,88,111,171,232,128,131,181,23,55,218,226,254,186,93,14,54,215,249,160,83,116,51,139,197,147,76,124,53,46,150,166,156,43,63,1,235,219,200,217,16,126,163,161,179,186,181,34,32,50,172,166,71,79,200,234,246,128,192,88,103,13,53,145,242,190,26,4,208,226,163,19,15,113,70,241,199,150,80,39,124,204,174,149,107,74,78,93,136,239,74,45,35,65,204,196,176,48,91,39,173,147,130,107,31,80,182,251,241,182,44,120,76,167,238,171,115,1,216,40,212,149,67,15,96,45,131,250,196,10,14,213,93,133,134,32,93,52,88,141,132,128,125,2,3,137,153,155,164,45,46,192,156,245,161,94,109,10,37,235,246,184,112,30,185,245,168,15,67,20,204,248,228,164,119,21,40,249,231,185,177,127,13,193,210,186,165,22,111,9,148,153,142,11,19,85,39,219,57,97,26,102,55,147,253,183,83,102,59,194,153,193,24,80,105,52,234,218,122,34,111,203,204,230,70,94,17,113,243,222,201,218,23,3,146,158,235,87,86,110,165,240,230,130,98,2,82,175,238,242,214,52,19,3,73,239,148,91,97,45,175,251,63,209,124,90,252,186,146,76,200,30,194,219,145,134,118,32,56,41,144,249,125,120,103,169,242,224,68,119,114,96,35,176,178,74,125,27,34,216,147,174,38,10,91,175,150,73,108,43,4,205,157,52,188,121,38,104,243,161,185,106,22,76,56,154,141,77,85,51,219,194,189,177,50,38,78,189,217,86,22,12,103,53,204,246,157,73,102,99,52,226,238,95,101,50,236,209,253,207,117,49,35,151,185,158,98,34,15,145,150,177,162,25,114,250,156,74,47,75,51,51,191,167,69,43,119,123,243,144,187,79,125,29,50,216,245,161,64,1,62,255,153,42,191,117,54,203,147,134,58,22,125,76,142,224,50,180,98,113,253,218,173,165,2,6,103,240,255,138,5,8,81,34,219,59,76,127,122,47,199,253,231,80,109,4,186,132,184,46,9,181,230,174,141,93,9,126,58,137,155,169,4,4,221,67,153,140,106,92,41,55,157,157,210,1,14,37,135,136,180,61,79,194,251,156,170,66,20,22,58,169,129,170,38,7,179,141,183,130,167,106,35,232,163,234,22,95,22,248,167,183,229,16,119,49,90,146,154,101,13,100,218,254,225,89,105,8,127,253,140,177,55,28,3,33,182,233,159,73,26,12,217,255,199,112,11,214,37,144,163,98,77,25,212,199,146,67,79,97,2,247,229,174,192,108,99,242,237,236,125,103,10,248,241,132,227,191,43,222,137,142,226,52,119,123,49,195,154,183,15,105,216,159,220,131,85,4,223,35,136,179,204,121,63,59,227,224,55,189,22,6,153,234,71,83,39,68,65,188,167,50,87,120,201,243,226,215,87,127,4,48,207,249,139,87,13,45,186,144,191,99,50,10,178,134,66,219,27,41,25,236,206,185,7,30,197,73,140,134,126,22,209,166,204,207,52,38,46,177,250,246,247,8,16,81,209,254,142,179,107,2,69,230,253,200,109,35,223,75,242,217,18,34,123,211,159,233,59,9,107,203,182,235,228,121,29,36,61,226,171,170,101,18,40,154,148,165,183,66,204,251,240,151,189,46,7,74,162,227,147,66,11,63,207,227,91,25,42,1,195,228,249,45,120,126,196,148,234,73,79,26,0,156,233,53,95,84,61,88,154,133,169,17,52,49,215,149,72,112,17,55,178,130,139,201,116,28,39,229,132,92,113,39,24,195,249,177,100,20,37,249,195,158,108,73,95,15,246,227,78,175,4,100,136,242,235,103,116,103,236,139,135,141,14,85,77,196,143,158,171,81,15,54,218,253,208,75,4,63,237,222,83,184,110,54,132,169,132,17,73,3,243,192,160,132,117,115,204,67,137,235,110,123,18,250,235,132,119,113,29,34,78,203,37,0,22,43,193,157,134,171,20,1,36,155,189,76,114,26,117,173,159,82,160,106,194,95,131,91,206,116,12,208,211,224,227,114,23,212,175,212,212,50,64,57,216,201,253,104,115,31,58,211,240,152,169,68,9,42,178,236,194,87,8,187,244,168,249,79,30,218,49,242,175,211,99,57,37,241,231,91,50,103,30,231,241,74,72,85,188,205,192,66,32,31,111,111,134,188,71,42,106,49,207,153,139,187,97,16,206,238,165,102,180,109,57,254,165,231,82,19,31,212,131,156,65,58,57,13,228,147,95,66,57,40,94,157,138,174,31,46,61,204,194,42,106,127,47,188,246,243,185,58,2,94,218,144,182,117,6,164,146,238,187,102,43,3,191,159,237,59,16,11,221,195,181,155,105,110,194,199,189,220,191,8,61,60,236,214,73,44,125,241,232,144,199,66,126,17,212,146,157,68,116,109,198,147,168,230,89,27,220,159,153,219,124,79,41,225,233,191,191,125,97,204,177,149,235,15,7,2,152,239,150,117,100,30,0,142,184,66,68,12,7,47,199,146,178,73,119,56,171,243,180,7,36,232,53,132,191,109,125,60,157,222,213,30,32,87,59,141,153,79,71,85,47,155,128,133,99,123,114,227,151,142,185,79,62,168,234,134,221,85,110,98,203,159,225,91,119,50,207,134,244,220,21,109,205,195,157,57,160,15,178,45,131,148,76,92,43,103,229,240,33,40,40,205,197,210,66,90,110,2,224,134,227,175,73,12,24,57,194,154,188,38,15,51,144,158,57,12,40,111,213,145,73,186,5,177,86,248,81,199,117,100,212,192,216,153,111,125,163,213,241,77,79,120,201,210,251,141,142,17,52,203,238,139,190,63,120,14,223,254,237,55,8,77,252,208,233,177,6,35,28,166,170,150,33,32,7,244,212,174,179,13,97,200,197,160,165,165,110,91,59,137,168,165,80,203,162,240,148,174,61,29,28,79,214,155,169,47,30,42,229,208,67,20,102,42,227,186,153,81,19,30,217,143,132,42,87,39,58,226,237,68,73,68,47,40,176,214,162,35,40,200,173,250,125,2,45,64,210,129,190,35,2,96,188,229,215,91,19,208,26,188,224,91,18,117,32,248,238,191,106,20,53,68,151,252,65,82,42,80,131,143,240,122,11,30,235,150,135,168,0,32,191,233,145,202,84,117,117,36,209,137,191,30,1,203,135,192,104,73,11,203,237,251,189,121,86,92,142,149,186,194,121,16,164,196,221,163,9,22,28,239,130,128,121,13,86,56,211,69,84,111,19,78,204,236,181,94,120,36,178,228,184,23,31,105,85,224,212,30,87,15,206,46,147,76,59,102,119,203,209,179,214,106,14,167,246,239,37,72,116,199,167,254,249,118,21,50,57,175,254,139,172,122,114,55,208,150,172,101,22,218,129,55,239,71,98,195,197,154,72,188,6,195,75,137,132,85,37,57,39,240,152,27,110,105,223,223,249,90,97,9,117,74,227,172,71,28,13,72,219,147,164,61,107,52,211,145,172,11,34,8,177,138,205,218,119,94,28,216,178,136,97,41,88,92,246,227,46,78,68,38,38,210,186,172,57,53,200,213,91,23,119,97,46,165,233,227,181,121,8,48,240,154,89,0,57,230,154,238,200,1,43,107,203,180,145,90,52,2,234,206,163,174,121,115,193,172,184,170,83,45,49,209,218,173,86,110,117,230,159,218,56,109,29,47,203,229,172,40,125,52,229,227,60,177,33,21,207,144,142,170,21,102,68,154,245,75,179,117,8,215,201,170,222,127,8,99,251,159,133,106,12,3,42,184,183,45,125,122,63,207,249,133,167,101,127,40,248,158,87,19,67,154,194,252,62,126,8,36,142,239,182,103,124,52,71,225,244,47,77,75,42,225,136,133,114,25,14,154,145,176,186,68,178,240,133,230,180,103,124,83,214,142,184,93,113,53,252,212,136,165,117,44,250,193,141,79,44,21,220,188,128,152,124,87,65,47,149,155,31,30,113,215,201,145,93,21,105,1,243,132,162,66,108,26,43,215,225,231,191,105,9,217,235,176,64,101,211,50,240,219,124,76,18,213,78,128,65,64,96,122,150,209,185,167,12,3,240,252,250,47,109,115,206,227,158,134,211,45,75,202,229,131,167,80,1,48,170,152,208,83,103,209,131,173,150,56,14,197,44,158,204,244,30,43,53,128,230,193,191,97,5,216,211,203,81,68,94,47,184,165,191,71,94,192,231,133,231,202,74,126,106,180,239,144,181,109,2,197,242,180,31,90,22,84,235,177,169,20,56,7,145,191,132,26,126,32,72,240,237,22,106,198,221,217,178,194,70,51,210,223,245,141,118,19,69,183,135,248,164,87,11,93,204,151,198,121,6,167,54,253,217,38,119,118,206,137,239,171,13,115,192,72,154,140,24,66,45,72,157,150,135,28,26,104,136,146,215,191,89,204,200,142,146,176,78,116,99,183,147,151,84,3,81,201,143,74,2,83,1,212,236,242,169,5,119,35,128,244,48,182,8,15,233,202,191,194,15,15,50,152,154,166,115,5,57,182,222,72,20,1,85,191,245,141,168,73,16,47,167,250,50,102,43,24,72,236,199,14,77,23,141,208,131,104,46,48,19,237,148,162,165,22,17,252,238,235,78,100,106,171,246,232,150,18,2,41,199,248,251,211,68,7,20,200,228,227,78,106,51,250,235,91,219,28,85,148,200,224,53,64,22,211,187,143,145,26,122,65,60,150,153,114,100,112,226,227,132,107,118,19,116,67,214,48,115,15,29,223,246,139,219,45,28,43,225,142,72,9,75,4,175,128,38,164,114,45,60,226,205,175,124,19,207,78,134,148,114,117,201,210,220,192,178,90,92,212,199,153,77,120,4,42,191,240,142,218,57,113,21,201,251,203,64,22,54,250,222,255,55,14,173,81,133,193,151,30,63,36,238,226,83,188,3,11,232,157,70,87,82,52,209,215,199,91,113,98,31,142,152,196,76,126,107,57,248,242,189,19,119,35,241,190,73,167,114,80,147,213,152,79,15,8,210,227,251,69,76,112,13,252,232,195,172,24,36,57,157,146,212,8,11,62,38,203,78,109,99,13,52,211,247,168,62,3,5,178,229,174,65,23,192,132,210,233,93,27,13,176,156,244,51,20,6,198,199,147,145,122,104,196,178,219,206,212,12,9,88,148,223,182,36,101,171,231,130,171,87,96,109,83,239,252,205,20,110,217,142,187,140,92,19,52,139,139,210,26,77,102,243,168,181,133,7,127,212,38,145,154,116,105,11,232,154,229,19,105,113,25,144,161,189,69,123,8,69,196,255,163,82,10,81,205,240,160,123,61,216,37,224,190,97,75,27,156,192,130,16,85,50,13,241,239,82,200,8,29,240,241,145,127,4,124,228,234,146,188,164,58,180,235,156,163,63,26,0,70,232,136,185,26,52,197,129,144,132,94,30,209,70,246,75,183,114,179,67,155,128,78,90,13,5,232,241,75,74,91,66,214,161,169,79,75,121,254,252,226,189,89,111,18,62,170,147,174,62,14,88,163,159,49,115,52,22,222,128,56,217,1,74,62,136,166,220,96,107,190,215,141,136,116,96,170,221,213,50,61,76,175,209,228,247,155,31,39,216,221,246,173,82,25,24,40,243,152,53,1,36,155,45,230,165,103,94,6,208,149,143,58,16,14,162,212,187,230,123,100,222,222,177,217,162,21,110,32,230,173,167,63,58,208,246,132,219,55,27,7,60,163,137,185,87,10,74,226,142,85,115,109,48,226,189,146,75,100,6,160,239,158,64,57,35,96,254,132,76,77,38,90,37,158,212,168,103,38,197,222,234,113,113,30,46,216,244,155,55,19,125,168,254,147,89,117,46,2,189,152,93,114,119,54,140,164,207,7,106,55,63,237,246,52,79,27,11,248,153,136,96,114,117,149,146,228,143,30,35,178,202,234,234,170,68,118,55,203,134,210,50,127,54,246,176,119,185,103,42,249,226,209,28,40,55,236,167,216,170,114,8,211,192,168,214,20,20,9,157,237,155,114,13,101,37,205,167,88,120,15,45,205,245,228,83,115,29,209,131,214,45,19,113,52,248,150,47,93,0,191,38,231,50,207,5,106,223,211,173,136,108,122,197,204,219,66,74,85,177,195,230,133,113,122,18,50,216,243,128,187,93,11,33,163,136,182,27,15,209,252,176,152,77,11,195,72,241,69,221,113,180,56,148,131,81,74,60,31,130,143,35,94,114,189,164,253,75,87,8,1,14,149,212,66,114,7,49,214,244,130,74,124,25,187,249,221,2,83,112,48,134,163,139,46,53,23,162,190,138,26,44,65,84,240,246,85,90,40,66,36,244,212,171,117,44,38,200,74,65,102,103,34,186,230,133,176,66,9,94,192,129,197,6,58,193,251,157,213,114,47,5,217,141,243,40,17,5,182,213,165,170,113,96,209,202,176,191,176,50,93,48,179,172,71,46,10,226,253,182,173,74,8,85,222,244,151,69,127,45,161,244,67,226,89,111,218,250,224,222,5,29,38,233,239,169,176,119,97,217,212,162,169,13,123,5,231,143,142,115,14,97,55,153,192,81,30,10,38,200,231,152,191,93,15,57,151,152,66,3,43,241,185,143,76,29,112,58,132,210,168,5,110,69,37,147,128,80,79,55,40,243,250,237,125,17,99,141,144,165,189,50,198,201,255,238,188,76,125,59,208,242,173,68,118,37,231,130,240,165,100,49,148,192,154,79,179,116,170,202,235,147,74,68,32,82,235,248,82,123,107,197,215,241,87,86,101,11,246,146,161,170,87,19,108,41,234,139,219,34,99,54,131,233,82,120,203,9,211,153,45,56,113,207,45,150,85,177,8,113,175,161,220,163,5,15,150,247,239,38,68,18,222,227,242,140,176,23,50,200,224,130,183,33,3,75,164,232,171,95,121,40,227,187,148,91,10,34,58,158,213,253,43,35,31,240,201,183,186,115,120,209,209,187,204,174,38,95,34,220,186,64,92,202,241,246,144,202,59,15,111,35,148,245,162,112,26,219,135,187,20,14,118,47,129,200,224,91,63,31,220,164,226,23,37,38,42,248,138,83,80,67,37,192,166,194,85,60,59,184,246,234,119,6,84,206,232,149,160,90,123,39,205,255,208,113,11,207,52,168,231,38,22,96,47,157,228,199,28,116,207,75,133,129,66,58,95,82,250,130,231,127,26,2,253,226,237,187,62,61,197,234,128,186,90,16,28,83,245,138,170,115,22,184,134,188,13,65,122,221,147,229,166,115,125,35,138,225,173,219,31,19,167,195,184,189,31,107,15,137,242,232,4,25,38,53,186,89,116,13,22,75,152,247,167,59,5,64,163,143,207,101,32,98,60,226,171,125,84,20,171,200,151,92,66,13,8,153,204,160,188,19,10,226,149,244,92,46,109,206,155,253,244,2,15,42,220,240,150,188,63,31,96,41,231,136,55,102,86,162,133,66,206,121,55,239,180,159,82,187,22,199,193,227,143,112,74,40,85,142,132,118,121,123,212,239,249,43,31,26,108,52,167,163,92,124,17,53,169,132,173,89,117,62,220,226,94,2,90,9,194,134,84,167,104,68,101,142,202,186,101,23,58,72,135,234,89,47,45,211,195,181,165,57,69,54,188,170,33,18,18,108,50,221,226,140,72,30,122,74,157,130,50,102,65,245,187,137,171,111,33,38,233,174,134,20,34,105,242,148,162,197,7,30,225,228,80,79,87,66,44,206,182,94,37,31,28,137,130,160,81,109,2,32,215,151,191,94,126,56,243,234,81,190,115,32,216,140,247,84,11,126,49,159,233,56,195,26,29,227,194,168,190,110,26,4,129,250,238,22,111,40,47,172,54,79,103,24,65,202,241,146,68,23,30,204,232,166,38,122,219,142,208,142,70,2,127,34,129,245,180,120,101,182,46,148,159,119,64,60,75,136,141,160,21,6,91,230,146,193,48,41,170,253,250,175,65,113,30,57,174,237,196,40,22,185,236,216,156,165,15,32,227,199,152,104,79,7,150,222,213,136,30,122,77,61,148,141,104,117,2,198,243,233,67,121,99,18,145,155,169,57,118,30,50,223,235,128,74,125,106,178,241,218,109,17,217,87,232,186,113,73,100,212,178,225,32,54,7,102,129,230,176,174,1,29,128,252,252,117,98,101,244,143,134,234,161,57,209,255,242,157,90,26,18,76,209,255,163,31,102,215,243,210,151,87,6,197,71,253,184,221,118,33,84,241,226,88,160,7,123,235,231,53,65,60,58,46,176,181,65,73,101,163,135,243,167,84,19,113,57,207,250,226,66,102,37,171,140,175,115,50,29,194,142,78,160,120,55,6,234,190,171,97,24,202,44,138,131,25,19,195,182,195,175,82,90,78,219,231,252,129,119,23,60,174,239,130,194,105,5,45,248,153,206,124,37,169,59,159,167,116,95,11,204,137,255,63,102,122,211,210,232,226,119,103,55,71,154,180,161,116,31,52,141,130,182,185,67,178,138,135,131,173,41,125,91,197,154,152,76,119,94,206,145,56,25,39,21,223,151,129,86,1,112,217,128,242,72,54,97,121,129,245,79,75,82,51,60,228,143,176,98,58,33,181,154,50,0,24,43,212,228,146,198,110,8,45,224,142,70,112,53,126,188,232,215,111,111,47,157,193,142,27,75,48,104,236,240,56,194,127,98,254,252,228,112,107,99,245,246,134,227,123,92,45,212,138,229,186,92,3,56,206,252,215,69,16,50,130,177,74,178,126,79,252,214,128,104,70,24,229,203,166,229,97,119,196,42,239,228,10,126,31,253,239,139,31,96,23,50,76,186,72,98,1,61,180,231,230,165,124,97,54,231,177,94,9,118,20,172,129,91,188,118,210,36,243,76,170,10,100,195,181,156,156,117,117,214,199,205,203,93,69,40,179,196,235,124,123,99,39,220,236,140,163,38,106,33,188,225,210,82,10,200,251,160,130,74,120,186,45,242,185,222,110,78,91,250,130,85,75,13,105,232,155,74,36,47,176,223,164,92,84,21,119,31,227,163,72,72,113,41,204,155,148,181,98,99,205,252,212,123,161,11,58,224,182,138,65,108,9,206,232,130,40,67,50,96,241,233,90,68,94,92,86,149,138,217,102,60,48,207,194,86,126,1,91,200,247,135,178,72,125,43,217,138,166,101,3,209,131,234,178,16,46,28,214,154,141,48,30,127,193,216,180,144,0,121,204,198,177,162,188,30,55,41,146,166,53,80,115,224,232,148,223,33,111,21,195,130,232,40,98,118,167,133,200,155,91,6,197,246,146,218,119,70,48,232,237,181,215,14,1,189,197,152,147,11,17,4,158,239,248,101,127,7,30,128,167,69,70,117,22,60,171,250,195,59,110,38,211,250,170,98,90,242,37,137,166,100,24,92,132,162,169,107,68,59,37,132,248,70,95,39,82,242,158,248,115,100,31,225,128,134,168,88,55,170,227,255,187,84,99,12,223,234,239,55,0,33,212,152,237,220,8,99,166,218,240,50,161,108,195,34,251,237,39,93,33,0,133,138,46,95,82,222,192,209,70,66,127,122,226,246,158,174,81,102,31,95,172,149,162,87,107,78,139,154,35,117,58,101,220,133,91,186,12,188,90,250,93,161,28,116,215,186,214,236,15,124,220,210,144,92,84,16,213,167,248,129,144,19,63,197,224,142,190,69,118,21,220,248,143,68,117,48,229,217,230,161,97,44,109,198,177,153,47,59,22,253,212,217,169,111,117,198,196,219,186,178,100,60,42,226,160,179,86,219,205,131,130,170,57,99,124,61,201,251,175,89,23,57,150,214,34,18,120,93,153,179,148,93,101,2,196,153,246,85,71,41,57,227,243,74,92,63,48,72,221,199,210,55,58,192,172,231,123,116,49,36,171,157,188,50,11,116,188,254,163,66,24,196,104,199,138,38,5,112,56,229,230,220,97,22,82,58,143,247,36,59,41,90,135,255,145,112,4,6,129,133,140,169,23,53,190,159,234,202,83,107,2,67,207,151,195,115,9,179,230,170,19,62,108,183,140,237,183,96,88,50,245,244,189,160,17,1,194,185,172,162,29,6,17,243,158,154,110,5,84,49,196,88,71,96,0,45,175,228,183,94,12,56,202,225,177,20,19,100,43,155,165,20,68,3,215,79,146,91,65,30,20,167,165,161,177,111,9,198,159,239,36,83,105,198,174,231,251,11,19,57,64,208,245,130,166,116,122,63,223,248,178,25,16,192,242,66,157,65,25,164,181,253,77,161,112,188,33,139,139,33,84,60,34,250,136,119,102,116,206,216,157,38,17,112,5,41,156,188,70,103,10,63,204,242,179,70,13,34,217,146,167,106,93,30,182,231,170,182,30,52,17,192,170,234,99,74,55,33,138,142,92,82,78,32,36,218,166,183,61,43,211,167,71,99,8,30,65,220,224,238,186,96,22,52,155,231,59,119,60,147,233,232,176,123,77,28,200,163,246,83,50,23,254,193,182,176,15,113,221,175,194,214,45,60,59,203,222,171,64,21,106,232,249,181,94,30,113,68,166,242,161,74,106,40,153,229,90,166,41,110,210,148,241,184,3,96,66,147,240,48,175,113,9,220,216,174,189,3,23,102,132,236,233,100,28,110,44,219,181,58,104,6,32,195,251,144,162,96,6,54,252,232,68,23,33,253,188,245,67,117,102,38,232,238,192,106,104,45,74,254,155,33,87,69,47,234,142,147,25,8,29,138,226,185,191,33,208,156,137,154,181,97,23,39,212,254,223,91,30,63,228,181,254,205,101,63,248,198,154,88,57,21,211,185,159,151,25,81,67,82,154,135,124,122,122,203,164,156,38,113,117,28,142,135,219,63,116,11,74,219,255,153,199,116,21,187,154,218,34,10,189,89,240,176,108,80,124,196,72,156,87,93,101,119,152,222,170,188,15,8,159,159,139,74,100,11,168,230,139,237,177,39,54,172,225,133,188,53,17,59,209,138,210,86,30,217,246,219,140,74,26,198,84,255,171,152,112,70,92,131,228,163,161,17,10,175,193,184,76,56,32,52,218,197,203,48,43,192,155,128,129,169,91,18,111,215,247,148,168,111,17,219,239,205,101,74,105,56,234,165,173,19,41,16,159,160,232,121,124,45,35,134,158,112,22,204,213,165,163,173,52,33,205,214,225,255,104,25,76,188,237,158,187,82,107,63,200,139,190,29,100,161,38,140,216,55,106,11,177,133,247,166,2,105,206,47,151,138,23,86,47,49,158,142,155,124,25,8,147,135,168,179,87,216,211,133,150,168,43,127,104,187,246,151,89,97,55,201,242,54,9,69,21,200,225,237,205,125,121,48,239,235,83,176,108,26,231,216,165,171,28,107,33,156,132,187,119,27,63,216,205,92,100,1,45,178,152,151,203,69,1,47,218,132,71,121,95,5,58,244,194,103,88,108,254,181,158,103,89,35,6,228,230,200,203,102,119,246,230,132,95,29,127,181,237,141,156,17,31,42,222,146,227,166,62,6,104,187,255,233,67,124,55,241,145,39,198,24,93,244,169,141,46,89,9,168,217,139,142,110,108,59,37,231,158,4,106,10,254,155,244,124,116,15,14,59,176,50,114,122,31,217,152,248,173,47,30,38,249,155,94,22,86,0,194,137,55,188,109,74,38,250,173,171,125,126,180,42,151,128,105,114,213,187,176,191,168,75,45,220,220,159,88,104,14,81,181,240,255,170,83,117,111,210,226,169,32,31,60,251,173,251,76,12,222,45,157,197,135,28,49,60,226,253,71,167,20,22,231,148,88,62,64,56,209,196,162,73,16,102,25,135,133,168,47,31,21,76,151,248,204,113,124,55,247,189,72,184,25,64,147,209,146,55,12,15,216,139,244,69,81,4,22,255,151,175,201,3,35,49,138,145,212,22,13,53,32,161,85,126,108,26,32,172,227,183,83,98,6,209,243,184,47,107,192,247,209,151,81,100,4,212,145,239,48,6,10,191,189,224,136,28,12,196,203,169,210,166,16,102,51,141,217,178,66,122,194,227,224,162,79,3,28,72,236,159,192,103,20,213,254,202,254,61,0,40,142,144,185,104,93,102,239,207,173,229,123,124,193,34,141,144,127,115,11,239,233,128,125,105,122,28,132,187,163,65,3,30,50,165,243,208,69,101,91,211,129,171,105,90,174,79,245,164,5,42,2,224,198,224,98,67,32,99,250,252,64,164,0,28,131,241,158,26,117,23,249,254,150,182,206,32,203,227,136,178,91,30,108,49,241,147,167,113,40,172,137,249,152,46,97,197,70,242,92,170,3,215,35,137,134,80,71,17,21,231,248,71,85,89,36,205,193,182,62,88,96,249,225,139,184,80,29,19,59,199,130,187,74,100,43,171,135,84,124,33,118,198,131,58,195,99,84,32,246,179,219,111,113,186,218,225,156,118,121,210,196,208,66,68,82,196,205,232,149,144,30,80,169,202,246,169,86,2,101,54,150,230,92,114,42,235,49,128,186,107,87,11,204,226,142,64,2,18,205,189,173,153,3,99,181,200,181,209,175,22,0,42,236,214,204,70,44,163,153,153,167,74,26,2,62,213,131,172,71,3,42,252,157,74,5,107,35,150,221,225,37,4,115,192,231,146,70,59,49,2,132,240,82,50,82,71,65,148,163,168,11,41,189,217,239,119,122,0,56,218,255,233,59,3,124,208,227,151,33,16,43,99,220,147,50,26,114,86,141,181,211,123,103,40,49,255,235,89,70,29,106,142,255,144,110,12,119,229,241,244,133,22,32,183,201,232,158,210,77,18,47,217,130,163,84,22,50,251,171,96,162,125,69,237,255,160,123,35,95,159,223,181,178,97,121,185,218,164,203,16,23,116,131,249,136,6,5,106,32,218,183,86,5,28,89,169,227,156,70,24,2,208,239,183,78,13,118,55,224,133,40,95,18,213,36,231,81,179,25,12,169,194,212,149,124,124,174,221,207,89,84,41,204,167,148,137,19,26,110,95,213,240,228,187,67,5,35,193,134,202,119,6,220,150,183,147,40,9,220,75,248,94,214,112,181,79,154,250,74,91,53,2,131,142,41,77,100,215,163,247,63,38,102,12,114,143,184,67,26,20,46,190,134,130,56,6,103,215,147,204,26,94,4,35,137,181,242,41,52,8,196,182,128,105,92,37,52,224,233,92,73,57,66,63,224,178,216,16,45,47,199,89,44,97,10,42,211,151,252,172,41,21,62,196,137,169,122,46,207,128,233,219,26,90,25,221,150,128,35,28,125,209,222,171,210,108,125,209,222,162,201,200,45,60,42,208,175,55,84,27,236,131,173,203,78,2,86,208,138,149,76,125,39,203,129,68,128,68,20,205,251,130,200,106,103,86,140,227,176,213,27,125,218,191,176,181,2,96,29,229,248,130,8,11,26,58,151,186,74,101,30,35,189,247,148,183,76,115,77,147,146,92,106,43,226,183,155,69,9,22,33,245,196,192,6,26,67,56,241,251,78,95,43,67,250,155,136,123,16,22,244,159,176,203,68,171,202,252,135,175,85,10,39,204,138,174,56,104,47,241,137,252,182,123,83,232,216,230,67,174,121,197,200,157,137,37,66,37,95,141,253,80,110,110,165,198,240,65,83,25,7,128,135,202,199,51,15,18,73,234,136,170,87,24,62,249,152,81,125,206,7,219,147,75,69,125,216,38,150,90,178,11,127,194,216,218,160,24,122,234,148,148,73,95,112,196,243,230,244,215,104,38,209,245,251,165,36,3,53,197,145,187,66,3,64,224,205,128,94,110,56,86,226,188,135,70,83,30,228,192,167,166,8,114,220,162,198,162,199,59,40,39,160,185,67,90,190,228,252,155,198,66,113,100,33,154,130,178,104,19,208,251,173,18,99,30,77,235,163,234,94,92,1,176,160,231,116,73,53,49,145,132,51,87,75,74,183,212,167,48,38,56,200,247,240,6,101,92,176,254,241,180,32,101,60,166,233,186,125,18,198,33,205,236,91,96,103,73,158,152,185,24,113,196,38,129,154,46,65,43,47,151,237,228,99,118,6,236,148,159,189,55,55,198,253,141,210,69,117,101,57,246,152,186,109,8,187,145,189,120,65,24,216,254,142,190,105,101,40,225,230,199,176,18,5,174,163,160,206,31,15,26,240,154,139,12,100,48,58,218,76,24,8,17,36,229,244,219,75,9,47,204,147,174,107,61,126,46,252,209,124,35,3,216,210,153,70,76,107,30,243,221,169,187,126,111,235,153,155,38,37,121,166,234,243,158,105,25,95,175,151,244,187,63,115,96,36,254,229,85,103,59,221,225,89,207,21,56,141,207,151,83,183,18,195,175,158,251,109,83,50,53,128,250,112,100,11,180,255,233,55,29,120,12,40,183,176,73,3,111,55,215,235,172,89,10,38,203,147,92,121,91,0,223,244,77,190,117,58,110,158,187,219,100,118,45,56,249,151,89,86,40,200,194,163,173,72,61,49,185,219,92,112,24,6,45,193,140,134,86,126,107,38,239,133,74,14,58,253,165,232,201,107,48,46,236,177,155,119,42,103,246,251,208,190,13,30,242,233,79,76,69,32,60,192,164,66,47,28,11,245,236,180,92,111,103,38,208,145,175,71,0,46,230,144,85,222,28,72,183,143,143,79,125,97,46,251,235,80,200,12,16,152,162,223,194,30,28,4,144,139,228,8,23,49,49,179,76,87,113,102,75,186,158,139,79,98,103,215,227,211,71,17,183,230,207,236,42,124,12,53,129,244,173,0,109,214,62,146,252,17,35,44,56,226,232,172,6,110,56,138,149,197,82,72,214,133,155,183,67,98,112,58,212,153,188,86,15,195,233,171,253,172,102,50,224,175,224,21,76,13,242,203,171,229,118,102,43,59,149,248,124,117,119,197,153,130,67,24,106,31,156,153,161,90,102,31,56,200,250,144,54,101,31,178,226,180,29,17,220,54,244,188,28,92,20,175,206,227,80,93,103,18,234,253,187,205,103,106,242,224,140,22,113,126,239,142,141,136,180,82,206,244,255,135,90,98,3,56,169,131,178,30,1,214,252,208,154,72,23,216,66,250,189,214,103,73,36,233,149,64,186,13,9,159,147,62,72,89,69,79,215,176,75,45,99,206,245,243,172,87,99,26,60,205,142,147,73,105,39,163,247,162,7,44,29,209,149,67,183,104,47,19,151,165,215,98,111,215,46,140,139,24,104,184,193,216,191,52,71,55,204,237,228,245,119,21,42,198,129,128,194,107,98,50,240,152,205,2,33,220,54,145,166,30,41,28,195,151,247,75,99,8,219,177,141,139,105,101,58,66,145,216,168,26,24,35,134,151,220,181,58,190,247,229,154,188,34,23,95,179,235,232,53,110,56,214,139,59,19,41,9,218,135,242,57,116,112,185,128,229,57,64,13,6,232,226,81,55,49,32,38,154,138,185,101,89,50,216,224,67,107,24,86,205,234,145,205,20,30,68,234,142,79,8,38,26,206,242,166,120,107,32,232,161,133,125,67,53,15,238,245,82,186,13,97,235,237,231,117,117,98,237,224,245,239,1,86,53,221,249,234,183,71,102,59,186,254,215,34,125,78,243,215,50,177,118,68,249,192,154,108,89,28,158,194,183,140,100,100,197,65,128,146,8,122,31,148,255,241,22,98,16,63,40,166,83,17,114,84,218,237,137,207,113,96,71,249,169,61,23,119,22,165,133,81,200,124,183,35,250,64,192,23,125,202,204,137,237,26,103,220,193,161,164,59,89,84,205,207,231,121,12,1,42,202,243,247,220,76,9,53,222,228,169,73,26,206,239,160,137,52,5,215,70,246,169,176,112,57,61,138,225,79,75,23,1,225,128,45,92,72,199,215,197,79,47,106,103,22,253,210,82,34,114,56,195,158,134,173,99,101,223,255,165,100,199,125,62,245,170,226,39,5,112,200,129,159,76,74,62,29,235,230,57,85,87,60,42,131,139,181,18,82,39,213,190,75,123,127,74,207,147,243,217,42,106,84,218,133,170,116,16,166,226,147,210,123,93,16,191,139,230,63,1,18,202,205,210,236,105,17,188,179,178,188,205,108,59,75,133,209,67,61,28,242,249,139,163,68,115,21,206,254,140,90,125,25,199,247,179,239,90,97,203,129,146,160,111,43,36,230,244,179,162,106,5,218,196,148,144,106,18,116,146,254,149,111,98,19,23,235,169,89,91,12,108,41,162,143,178,84,10,63,203,128,205,106,45,234,57,240,161,113,105,39,253,205,172,103,42,42,59,250,228,69,44,85,53,138,134,229,8,22,6,159,240,152,223,75,44,219,242,255,214,36,119,1,213,247,151,65,4,95,173,231,237,160,29,16,166,204,144,65,182,117,199,74,128,244,37,92,59,26,241,138,94,86,68,193,189,169,93,38,99,109,254,148,156,169,86,105,30,72,200,243,190,82,20,36,254,144,73,117,54,15,211,155,67,189,5,208,62,238,82,186,3,7,202,192,210,152,96,2,210,172,156,81,87,120,220,203,238,252,239,96,62,201,253,243,189,60,11,13,205,153,131,90,11,72,248,197,133,183,108,65,25,203,178,140,80,48,103,240,210,162,174,108,96,189,176,165,164,181,5,58,56,228,168,166,74,180,172,225,242,167,82,108,122,39,203,136,221,66,13,50,232,218,43,3,106,88,156,169,147,94,26,2,165,132,152,70,76,58,63,228,231,83,72,68,42,41,189,191,162,61,62,218,172,139,96,112,46,53,212,248,160,91,111,5,185,254,210,40,114,186,3,160,248,73,125,6,46,128,147,214,98,121,66,93,156,129,74,53,37,78,241,153,139,103,104,26,255,138,152,179,3,40,216,225,148,209,74,26,28,90,215,128,186,104,102,205,255,202,114,93,122,200,139,241,181,99,46,37,247,149,191,217,14,107,169,204,168,183,9,119,96,132,135,133,14,125,62,49,195,59,88,109,17,78,210,232,163,83,110,38,203,130,191,29,20,101,32,234,173,107,58,4,221,73,147,72,67,20,18,172,192,164,173,118,99,211,247,226,53,76,120,164,213,232,228,99,1,47,53,211,238,153,180,112,15,69,175,131,181,19,26,193,139,52,141,86,8,223,223,131,75,187,116,222,60,253,153,32,89,45,46,131,145,110,97,20,189,162,147,79,17,7,25,48,146,172,33,126,120,37,213,225,208,48,0,32,205,153,185,112,63,117,191,233,189,219,17,37,31,167,177,159,96,41,38,59,132,146,68,71,51,51,66,172,163,165,40,59,197,212,86,99,5,7,44,215,228,227,197,19,10,44,242,139,74,6,52,228,150,137,184,114,46,113,173,216,250,74,87,21,248,201,177,193,112,105,199,221,173,187,78,60,39,188,160,214,71,97,106,235,129,222,67,96,5,82,222,251,190,57,14,82,148,135,59,160,66,11,214,254,139,170,25,106,33,135,249,82,164,119,15,177,197,171,191,23,28,96,249,131,238,114,125,10,48,182,169,92,117,25,94,196,252,251,173,112,112,45,224,148,66,127,40,254,179,254,72,2,127,61,149,245,161,115,102,74,75,251,141,48,44,90,71,154,224,148,6,23,19,148,147,187,187,81,189,233,152,153,182,119,1,82,198,236,191,66,10,60,144,184,243,198,116,53,151,219,229,37,88,14,193,217,142,146,24,44,66,57,134,157,19,124,30,173,202,225,61,126,96,12,135,128,173,67,124,19,36,178,239,130,169,127,107,198,253,187,77,28,195,46,239,215,20,83,116,203,59,150,82,76,16,6,149,222,182,160,127,26,233,157,239,36,111,118,212,238,146,152,173,82,68,177,143,142,175,46,1,82,219,233,168,47,3,214,255,202,157,48,110,202,90,155,198,229,118,65,43,245,252,171,187,124,106,171,168,166,56,94,94,42,216,218,172,88,66,213,237,255,155,178,46,120,7,191,148,137,205,101,11,190,243,189,112,75,125,55,245,204,187,96,35,102,228,189,236,23,19,35,52,143,242,19,20,202,207,199,178,206,50,94,190,193,250,241,121,108,63,167,232,224,204,51,123,52,207,244,181,16,19,187,45,236,186,76,16,113,205,141,228,179,20,105,178,50,230,154,115,78,40,58,149,131,224,28,115,21,243,134,221,201,48,179,210,244,149,197,34,0,18,202,225,144,49,6,59,170,253,59,98,68,108,163,137,129,167,122,108,81,241,230,66,168,5,26,234,212,182,174,3,5,54,139,129,209,6,99,38,173,215,84,123,125,54,202,230,133,175,87,18,52,167,151,88,28,36,7,38,233,188,123,81,22,240,207,157,112,87,84,100,225,239,192,183,29,15,153,227,252,79,102,111,218,153,254,252,13,23,48,188,254,130,168,66,98,100,182,231,137,90,12,54,157,147,59,169,29,56,254,213,140,76,63,120,211,190,234,225,16,113,75,60,149,139,97,124,9,141,154,140,127,14,17,111,44,178,50,119,106,3,198,243,253,186,88,2,49,253,228,71,118,68,13,160,135,70,163,124,63,48,230,206,188,118,107,201,46,153,143,104,126,206,216,196,193,185,71,46,216,204,241,64,5,19,51,215,154,155,162,84,115,107,207,228,164,59,14,36,233,211,152,83,24,200,41,225,186,129,108,47,43,241,236,77,205,1,15,152,240,51,70,81,55,199,193,178,73,99,2,6,154,155,176,65,115,96,40,242,157,160,108,10,66,234,172,41,182,119,81,238,212,243,83,21,103,212,135,157,43,49,107,2,233,248,202,171,110,88,49,133,252,189,24,16,80,45,181,71,105,118,14,57,195,253,171,71,101,109,193,238,176,80,96,179,139,166,138,72,8,8,180,152,240,74,3,119,196,186,224,145,16,105,188,215,214,181,197,109,102,35,133,162,170,80,21,195,253,143,171,65,123,102,49,241,254,190,31,127,180,133,170,253,59,21,44,247,250,215,124,35,10,234,193,216,225,9,110,216,53,155,145,3,0,23,140,253,245,109,2,16,6,251,179,161,35,110,10,75,175,147,214,67,115,57,198,133,202,103,38,206,49,236,189,120,95,104,157,167,241,118,91,46,106,228,249,49,172,0,111,230,231,253,21,30,118,231,250,139,177,189,57,193,225,141,223,48,109,107,54,154,133,203,124,72,173,242,234,143,92,4,202,76,231,77,178,114,204,57,240,254,90,50,30,23,155,244,88,72,73,46,218,205,174,74,70,24,254,238,138,191,83,112,2,61,162,130,169,58,117,33,209,246,71,107,46,22,189,131,56,192,11,68,62,132,215,168,119,101,193,196,150,141,122,99,217,162,217,75,84,65,223,193,242,138,139,31,48,184,198,250,191,69,26,27,43,238,228,50,96,80,148,66,236,162,23,95,15,175,134,251,77,115,125,202,200,178,141,98,96,206,202,178,177,180,7,26,63,231,170,200,80,83,222,237,143,169,55,104,2,83,203,225,216,88,13,42,254,140,34,7,102,87,235,214,134,94,108,127,203,139,132,47,62,88,25,230,156,56,85,47,39,76,152,179,181,103,37,213,212,242,120,122,21,60,222,237,159,90,105,28,205,248,237,90,16,33,29,190,240,79,126,124,61,224,213,214,103,100,74,43,226,134,75,86,9,31,249,146,243,126,114,11,226,239,159,237,109,33,214,221,226,133,179,38,0,48,214,137,221,72,119,50,235,173,23,171,109,48,143,249,162,101,80,41,248,215,171,172,96,120,216,207,215,166,12,29,22,236,232,145,0,31,12,57,187,162,80,111,15,94,217,227,156,50,111,102,206,225,169,72,13,18,38,242,237,43,78,14,189,65,251,72,181,118,127,195,199,187,231,121,110,195,176,162,83,60,89,211,160,236,248,106,16,8,59,164,239,154,167,79,1,88,213,133,165,22,6,199,140,178,138,89,5,208,65,228,92,198,119,194,45,151,240,92,67,41,9,248,240,72,90,19,189,222,237,55,91,99,4,108,128,166,91,101,25,46,203,255,239,84,114,108,212,248,189,110,72,124,42,250,177,227,55,88,116,207,213,236,118,70,33,56,137,227,57,91,47,42,68,224,221,182,4,34,41,179,87,83,124,122,32,197,153,155,176,65,116,87,168,136,190,100,53,217,139,255,221,106,39,21,193,146,132,34,111,103,173,202,172,220,12,115,223,172,191,182,167,77,94,70,211,164,56,94,108,248,133,201,207,74,29,35,220,246,151,88,103,88,215,229,84,159,68,8,194,249,247,176,100,107,35,252,159,195,196,105,104,221,194,214,178,23,121,31,238,136,149,108,123,109,79,239,186,78,124,23,36,219,232,135,181,46,127,90,138,131,75,114,67,255,214,244,82,30,29,48,236,166,208,30,18,63,46,154,236,87,85,36,38,140,250,236,21,110,2,242,134,208,161,90,178,205,226,227,171,64,4,91,162,128,168,75,100,36,226,130,253,161,110,82,158,163,230,68,176,14,162,214,131,245,72,74,93,62,231,134,39,9,18,196,208,250,88,93,110,8,254,146,164,182,76,127,99,42,243,157,167,82,15,70,241,150,32,15,217,103,213,232,37,93,4,214,37,149,81,199,123,113,202,209,178,208,23,114,154,240,228,61,67,126,220,155,235,139,164,23,65,192,236,252,170,44,115,38,199,249,181,91,14,53,248,190,142,69,7,38,56,152,167,154,70,51,13,154,209,176,219,8,9,217,197,206,184,188,57,47,64,209,203,69,64,186,144,228,146,187,43,119,3,60,154,129,162,98,11,217,240,175,22,1,97,45,236,166,135,64,54,15,195,209,139,115,66,33,48,155,244,73,43,67,53,177,162,189,72,87,59,192,248,226,3,4,92,182,152,240,180,39,19,34,210,137,163,120,19,194,52,216,225,67,7,109,42,136,233,203,25,122,177,48,147,248,81,32,86,51,143,139,133,104,26,105,136,249,142,174,56,79,198,158,242,189,66,7,14,46,232,242,169,108,19,216,138,190,124,87,4,218,134,133,177,115,124,42,230,248,164,196,16,21,205,173,170,182,12,22,109,141,153,156,31,25,37,58,166,51,13,104,14,51,233,245,190,67,12,57,204,243,165,116,90,2,93,133,167,106,72,2,218,210,250,75,70,20,4,252,213,166,175,126,31,254,129,224,80,70,120,223,239,255,143,111,16,33,213,230,244,210,78,100,106,63,244,146,53,97,44,200,145,84,161,99,46,145,216,143,38,164,113,223,194,156,138,115,85,55,84,227,246,18,119,3,162,242,225,87,119,112,5,93,183,189,67,4,106,64,218,154,164,88,7,91,167,249,44,106,94,4,184,147,86,218,127,46,104,250,171,218,11,13,77,56,141,153,75,88,66,205,194,185,179,60,32,63,217,217,75,100,15,25,78,163,146,246,83,103,26,79,255,139,59,111,41,159,190,231,196,2,84,84,237,169,140,117,40,5,254,230,186,196,121,123,244,224,58,48,68,62,70,208,178,77,45,122,16,254,253,163,95,107,26,72,210,140,177,84,14,55,235,129,83,213,116,62,218,136,247,56,125,116,37,154,227,67,205,14,14,136,211,168,173,110,6,9,159,129,153,8,29,59,50,178,79,93,8,29,68,197,233,142,81,100,13,209,134,172,68,99,213,232,169,130,89,27,116,65,150,227,197,116,117,201,52,152,225,114,77,55,50,238,231,214,1,127,91,231,234,184,50,82,208,245,129,181,66,122,10,65,200,236,193,69,103,199,238,173,138,166,108,94,254,170,147,111,78,15,233,162,185,158,23,8,33,40,231,252,23,104,117,201,233,225,41,18,115,4,234,156,168,77,121,0,32,223,138,137,55,104,2,182,239,166,31,22,221,55,133,223,99,89,100,212,175,156,73,73,28,3,159,248,164,205,5,122,247,232,246,107,31,101,237,254,150,239,189,60,194,151,143,136,60,26,31,52,206,251,181,96,1,203,149,163,129,84,119,197,53,142,197,161,29,43,33,141,224,81,206,99,27,227,229,83,90,85,39,84,210,179,53,78,114,198,253,250,162,81,127,122,81,212,241,143,63,122,84,206,128,177,7,90,113,181,153,52,218,102,53,103,224,165,218,4,103,200,77,131,138,29,25,187,216,202,182,63,44,74,221,249,228,131,11,11,62,205,231,157,190,22,122,74,246,140,199,7,45,208,75,247,172,109,83,29,221,144,148,84,2,7,216,185,145,158,117,111,55,63,157,188,167,114,4,63,137,140,217,193,66,203,249,239,130,179,43,97,37,199,141,146,74,96,66,174,239,62,16,46,31,196,142,129,44,125,98,220,137,232,75,72,8,1,151,234,43,84,39,54,52,153,232,175,17,32,52,184,243,88,6,10,86,199,244,159,187,113,1,62,238,128,65,120,61,19,205,144,181,10,102,41,246,206,135,125,65,93,5,228,252,56,163,19,9,247,137,247,115,107,1,149,227,129,227,124,39,56,221,245,159,205,90,122,56,162,134,223,38,16,71,232,189,73,182,29,66,224,197,154,114,74,18,246,199,217,148,25,126,197,44,131,151,13,122,3,225,136,142,110,101,120,85,71,198,95,25,5,57,218,237,251,203,112,13,57,248,164,95,26,114,99,214,254,65,190,111,221,32,129,70,180,124,123,191,214,135,134,124,97,213,195,162,179,87,56,43,216,162,249,105,117,31,82,217,231,247,220,80,116,44,198,146,185,75,3,203,143,203,252,65,98,181,88,128,181,209,120,60,55,246,224,76,82,31,23,133,255,75,80,85,211,203,162,83,71,126,105,31,142,216,90,86,13,37,222,146,155,207,17,11,199,226,191,118,164,12,69,157,189,147,77,105,16,191,226,157,83,36,60,12,251,151,85,64,35,54,63,147,233,172,4,49,45,191,191,92,118,16,45,202,234,141,223,34,96,95,204,135,172,98,17,213,134,146,162,100,41,125,221,150,140,83,110,15,211,192,161,139,124,107,186,178,194,214,173,11,84,49,231,160,40,83,26,241,238,157,175,70,1,117,207,154,225,50,22,15,162,141,189,138,95,2,179,238,158,216,108,36,63,129,253,170,211,110,100,213,197,152,226,123,8,114,239,236,252,18,97,127,17,130,223,78,80,97,114,57,213,141,218,72,123,36,170,142,173,1,82,147,36,248,189,11,17,83,229,222,171,104,46,87,74,129,232,94,55,33,90,140,238,139,4,6,99,142,159,142,223,64,66,219,153,136,167,75,103,21,177,231,153,87,122,55,207,234,228,210,115,12,202,221,138,79,175,1,211,68,135,138,68,49,94,0,134,255,84,95,41,181,187,209,76,89,98,5,159,154,231,192,42,107,0,78,171,159,210,76,125,48,139,225,91,7,40,2,198,152,93,180,105,220,52,234,65,161,116,114,172,223,201,145,124,109,174,207,233,66,95,127,194,201,245,252,130,10,68,198,226,157,184,71,126,17,204,228,156,68,19,49,156,178,245,182,15,51,8,223,211,159,93,48,17,253,211,219,162,11,125,194,205,220,164,190,31,41,33,226,222,181,93,211,173,235,240,162,34,109,127,32,200,134,183,75,115,82,227,211,47,97,23,61,153,165,151,76,14,13,165,247,250,41,75,81,56,139,234,74,36,36,35,32,162,185,205,47,51,195,218,232,22,15,84,33,198,241,172,67,99,22,203,227,175,45,26,206,29,221,135,70,11,125,46,244,244,165,14,110,53,55,154,224,70,80,80,62,147,157,246,108,121,23,245,243,157,176,29,62,201,246,246,174,52,123,124,40,174,136,168,97,21,194,143,168,125,94,27,209,155,245,191,117,68,94,235,242,174,186,24,98,216,222,219,210,1,123,27,247,140,234,123,30,60,44,186,74,40,8,104,78,192,137,203,76,6,84,214,130,198,29,3,96,85,153,186,30,80,112,214,85,240,67,71,1,16,203,219,161,175,107,102,196,242,225,91,38,105,176,204,132,243,117,120,87,38,167,140,226,167,112,114,67,195,242,160,21,28,187,253,83,154,79,14,206,203,140,64,162,25,212,45,136,148,43,89,85,50,234,142,101,96,96,161,206,232,37,125,1,4,39,145,181,67,99,8,66,214,137,172,65,123,84,195,128,191,126,90,123,180,246,173,178,17,52,107,214,195,156,24,95,66,38,141,248,37,67,62,58,50,181,211,205,45,33,212,160,83,28,114,126,53,202,253,154,188,23,114,95,139,130,78,127,90,246,138,135,165,105,65,5,197,220,247,49,82,30,226,193,164,174,125,113,222,207,189,167,75,32,49,183,214,214,57,117,118,251,253,188,87,22,25,54,167,231,188,40,7,70,148,156,79,185,73,31,220,154,243,181,125,21,54,250,254,60,160,124,18,176,170,215,167,28,20,5,225,243,137,117,20,25,32,168,200,88,125,121,44,207,154,137,172,122,17,41,245,134,92,2,32,132,210,152,82,29,104,47,245,245,192,6,100,75,61,131,138,33,81,35,47,138,230,149,112,126,100,255,143,220,212,85,194,242,137,154,177,120,12,59,216,137,172,89,28,35,244,180,224,194,105,58,251,170,142,88,90,14,171,195,141,139,19,44,40,87,241,255,127,122,22,164,192,145,78,29,118,111,140,130,174,85,118,16,40,207,231,134,163,124,0,197,228,213,82,110,220,79,232,165,109,66,120,223,58,241,79,92,105,0,239,193,169,186,122,6,234,156,253,46,104,97,167,238,131,136,169,90,73,160,247,129,201,46,29,46,220,249,170,75,23,188,240,199,140,80,29,193,39,228,188,136,100,43,33,250,232,175,195,2,23,196,208,205,56,78,85,35,211,184,179,61,75,213,146,141,133,205,89,110,8,194,237,128,203,121,29,192,240,167,121,81,1,55,238,191,185,122,36,110,226,180,155,24,21,42,76,133,157,101,22,215,214,198,199,167,77,62,193,209,251,138,126,27,40,198,255,154,193,94,13,54,195,158,160,115,107,202,62,241,217,71,27,29,199,252,252,168,13,10,201,67,153,159,97,79,40,79,149,138,236,112,1,16,245,231,160,180,36,190,217,228,156,169,47,120,3,215,130,234,84,3,34,193,248,74,116,86,6,192,153,143,160,13,127,45,133,133,68,189,8,1,244,161,174,179,20,107,46,131,228,183,12,4,70,188,168,80,105,2,48,197,240,156,195,91,15,53,202,128,66,7,91,106,79,224,179,11,47,24,233,179,155,98,72,75,101,149,148,171,194,12,17,252,240,159,45,113,109,219,253,248,132,19,11,77,193,130,156,175,95,106,23,181,235,157,82,117,34,228,239,42,198,4,59,225,217,228,72,87,97,207,212,234,142,112,24,64,93,230,154,118,109,105,226,246,244,107,112,124,100,90,194,84,109,119,111,212,245,250,163,70,125,43,254,224,53,106,47,29,212,149,91,180,110,50,41,232,206,211,19,5,209,53,153,250,115,119,182,216,212,193,160,80,76,186,188,147,83,119,17,50,197,250,141,170,76,7,98,175,155,178,94,15,74,230,186,247,85,25,177,53,245,204,231,1,66,46,242,241,84,190,97,117,131,147,83,88,39,63,190,221,214,73,25,123,16,244,159,173,64,119,31,47,151,152,179,107,0,42,227,214,36,184,120,42,254,184,130,54,23,103,194,228,244,64,57,21,8,239,151,171,175,21,82,63,139,156,166,123,106,90,54,187,64,101,7,106,42,222,138,212,79,112,21,205,136,169,45,29,199,128,173,137,83,31,12,212,242,131,72,28,110,184,219,230,153,1,99,203,200,214,172,169,108,7,48,233,172,182,84,123,205,132,156,175,61,120,102,52,241,244,185,100,11,202,132,199,243,68,22,78,141,253,162,100,44,27,254,221,210,151,101,105,217,33,145,148,1,116,102,227,229,239,97,11,16,7,156,182,183,82,15,8,59,165,254,184,51,127,80,171,158,183,113,49,207,40,141,199,6,74,28,255,187,140,22,47,48,18,153,245,85,182,102,8,253,242,143,100,99,1,247,252,153,168,173,65,198,252,157,168,59,21,26,67,242,131,170,102,81,192,140,235,139,80,19,216,34,246,85,167,2,199,61,152,238,81,86,3,100,247,251,90,41,78,56,218,209,204,66,75,105,238,236,235,167,79,112,120,56,196,232,214,90,105,49,195,253,54,114,33,1,222,128,65,170,113,45,34,131,180,219,14,117,184,195,231,157,101,115,199,200,164,71,93,40,179,219,225,140,231,14,39,207,162,252,178,75,113,110,50,240,131,47,4,59,147,58,226,194,103,32,19,196,143,136,56,6,3,203,217,162,235,115,109,202,208,222,160,170,14,110,62,131,177,193,83,41,201,243,245,214,74,113,8,57,217,246,188,87,19,55,148,145,39,122,97,83,146,210,129,69,30,120,197,140,139,94,73,49,3,252,228,62,79,51,45,33,144,207,197,8,38,192,189,151,10,112,112,65,215,138,148,84,101,22,177,150,234,83,31,45,8,194,142,53,112,27,91,242,218,170,6,114,48,87,227,136,65,71,20,31,237,140,128,124,99,115,158,254,138,134,1,62,201,211,136,145,185,47,16,53,208,246,210,93,13,55,249,223,104,187,4,34,230,158,174,99,79,57,249,174,163,162,11,120,187,203,177,218,2,5,16,246,134,255,15,6,14,92,177,165,80,120,119,42,197,243,226,72,120,25,223,236,174,85,24,30,46,229,231,70,88,120,199,58,230,83,173,122,113,208,187,168,233,121,101,174,216,220,89,79,32,177,171,229,224,26,112,4,50,219,139,151,163,92,122,33,194,130,171,121,16,183,138,180,141,81,99,165,33,136,67,180,108,208,49,152,254,75,69,95,14,139,239,95,72,115,209,208,145,92,71,8,112,20,133,162,83,107,21,51,192,225,143,65,118,25,195,245,164,104,49,103,65,254,179,145,95,55,0,209,170,152,23,94,45,88,225,233,49,69,33,40,46,139,213,188,29,88,52,189,77,73,11,15,41,215,233,246,198,34,2,57,170,248,164,106,43,163,151,250,171,19,38,4,212,133,156,87,110,13,161,219,191,161,109,106,171,209,160,197,201,40,38,75,211,179,74,82,15,232,150,175,165,34,14,60,223,155,224,95,7,39,207,255,74,148,84,3,220,130,133,171,117,116,59,248,153,185,171,26,105,213,201,211,214,120,31,12,141,138,129,126,123,14,34,145,198,92,117,7,75,208,247,142,184,39,14,61,255,159,78,122,49,246,198,250,82,27,109,58,129,160,216,119,124,38,50,137,136,78,75,32,95,250,249,228,102,118,96,244,142,216,188,88,190,175,244,158,195,74,123,85,185,132,183,81,116,73,154,239,225,181,120,47,238,221,136,67,202,15,215,200,149,158,37,91,92,60,231,143,86,104,119,198,214,245,69,46,122,115,245,244,210,181,86,112,12,46,226,149,177,77,0,63,130,234,65,122,196,29,219,239,42,73,113,202,95,137,91,204,16,127,221,167,176,167,1,6,235,155,242,70,87,124,191,228,237,157,174,109,39,209,225,156,179,44,119,42,181,132,163,33,112,53,226,214,141,64,108,57,85,151,186,233,33,62,28,230,223,161,221,12,12,202,161,172,204,176,63,46,62,163,207,65,94,191,225,226,234,205,72,0,24,42,151,134,184,121,122,193,253,165,18,0,114,59,131,177,139,47,92,126,194,162,144,14,83,37,90,158,129,95,45,34,61,198,168,190,62,48,45,216,243,147,113,24,56,203,145,155,173,93,104,39,168,243,166,25,104,207,84,165,144,71,10,114,63,151,235,172,0,96,200,62,152,249,75,39,41,71,157,129,239,11,2,18,141,137,239,162,58,55,209,155,153,221,50,121,21,40,154,132,179,28,104,216,235,188,4,62,26,183,242,229,179,2,23,58,243,228,168,163,9,31,219,198,185,183,122,99,15,244,137,152,0,99,95,52,167,76,13,8,11,76,255,248,175,37,101,42,213,130,176,16,61,105,60,231,199,108,70,6,209,178,156,90,69,8,14,153,213,184,210,123,3,145,145,231,68,64,96,213,240,242,244,105,122,90,221,138,133,185,65,98,9,46,143,154,50,126,45,216,138,65,215,127,40,154,160,148,79,214,123,175,223,148,158,108,73,68,84,133,129,2,105,110,205,227,240,43,31,127,3,41,219,203,81,124,110,34,217,136,222,67,19,42,183,131,85,127,89,113,193,137,90,166,102,53,30,250,178,220,99,122,60,39,253,253,46,95,36,208,223,165,197,95,42,35,197,202,47,126,10,17,79,209,244,236,86,105,8,73,146,233,73,123,57,252,160,231,172,10,61,43,224,184,152,99,93,111,134,145,161,180,117,112,228,250,74,82,49,32,55,197,195,76,86,31,22,249,143,199,55,29,18,49,208,148,175,64,22,71,233,151,87,191,107,35,172,238,235,52,21,113,67,254,252,58,190,111,0,247,218,163,169,111,26,13,246,249,148,12,98,80,51,168,77,39,116,1,61,200,138,149,90,126,127,191,229,210,87,28,177,243,216,149,65,7,117,74,153,231,168,18,117,180,56,150,144,104,72,70,46,146,144,209,7,25,80,154,156,170,50,34,161,238,141,172,80,107,20,34,171,133,187,91,26,206,246,217,242,212,11,46,243,166,235,98,64,105,239,211,184,252,25,28,76,32,254,141,113,99,119,181,148,228,65,108,106,11,136,138,162,48,100,99,61,202,226,131,78,24,30,204,252,163,22,10,209,93,246,211,101,84,30,221,213,156,88,70,9,26,236,239,161,189,3,24,134,243,242,126,117,98,241,236,254,133,166,62,188,248,250,129,65,20,3,37,218,241,199,118,29,184,245,222,150,90,9,194,76,250,189,191,6,75,86,142,254,48,187,15,25,230,143,55,93,83,51,43,204,191,83,69,25,212,155,157,162,82,123,14,80,206,244,150,56,127,35,201,239,203,14,95,20,181,128,91,186,108,93,111,253,171,161,97,111,203,40,128,243,101,3,221,203,196,165,75,36,58,201,159,251,253,20,3,45,197,249,131,174,22,5,38,136,153,173,14,50,208,60,225,213,117,42,118,188,151,243,72,27,107,193,213,148,152,29,27,76,51,247,216,206,121,28,87,133,153,181,182,32,206,241,248,153,205,86,102,36,194,228,155,51,110,59,201,135,70,7,35,6,211,239,133,95,116,127,178,247,227,78,89,11,4,246,156,54,48,49,38,54,225,139,218,110,48,48,164,254,78,127,108,60,200,245,139,171,101,120,60,246,132,81,4,54,5,216,151,177,119,107,45,152,165,132,18,69,47,2,245,226,71,182,98,16,241,244,139,116,111,10,254,139,141,147,0,35,40,219,245,226,203,63,2,58,220,132,160,42,12,95,237,178,77,196,6,54,242,171,143,12,63,2,143,209,189,156,121,115,212,84,147,234,118,116,6,244,252,242,116,116,111,77,34,169,36,26,127,63,203,249,158,171,17,105,49,229,201,82,125,18,107,208,159,93,188,122,176,55,225,90,173,16,106,212,210,153,137,24,115,218,200,199,164,95,89,47,186,164,229,23,116,24,36,179,238,154,179,74,11,43,186,139,212,35,22,182,147,181,135,90,2,200,63,237,180,183,123,75,42,240,233,83,88,15,14,133,234,70,67,37,220,202,197,70,39,96,106,21,248,208,88,34,8,89,221,249,234,204,117,111,220,134,174,10,204,101,52,252,186,128,93,21,9,219,131,144,73,74,54,107,249,151,80,46,42,47,61,156,135,222,6,39,53,222,199,32,116,117,53,210,252,133,185,70,118,51,192,132,195,101,101,218,156,230,176,124,93,11,222,230,138,69,30,119,163,207,163,151,13,111,216,197,176,211,187,4,51,91,227,184,48,84,124,145,244,151,183,68,107,17,181,247,157,81,122,29,163,135,188,139,68,28,187,147,227,161,0,86,40,129,247,177,190,14,9,187,193,154,148,104,2,30,252,132,129,103,126,24,17,145,217,50,55,9,3,63,162,246,172,94,0,39,219,145,215,3,86,151,44,141,184,99,114,36,133,167,181,115,89,57,39,243,224,88,59,45,75,149,131,156,109,115,124,242,129,148,211,79,59,206,153,254,210,36,103,107,193,243,138,71,31,89,200,143,236,179,101,20,207,211,248,67,220,105,207,43,147,240,39,77,38}
local lZ=141+29
local Uj=30+10
local qF=89+6
local W8={}
local L0=0
for s3=1,#ea do
  local Qo=ea[s3]
  local Da=(lZ+(s3-1)*Uj+(((s3-1)*(s3-1))%qF))%256
  local h1=G3(Qo,Da)
  W8[s3]=tl(h1)
  L0=(L0+h1)%65536
end
if L0~=19792 then return function() end end
local ff="FTLP+28B84VUB4/MVLFBDRPSPLH+XUCYJV9BTFS9TZ46/"
local E9=dv.c(W8)
ea=nil
W8=nil
local s1=string.char(70)

local EB={
  ["(H_[8_W[LALN_EYM"]="V",
  ["9)<9X6>TSHX1P6UA[2<8"]="y",
  [")SP97GB1B3MYMB5R79W"]="P",
  ["LBP5L7]7Z5N[C"]="S",
  ["R3C"]="K",
  ["XIU<TIO4KO2UC[793BEJVCXP1AKETNB31)2YD<5"]=")",
  ["MV8IDZ3VWR5TR[X35HRNRKMZDQD2J51"]="g",
  ["HVIDOXHQJ5DOZ[XV[7XUT8XD_A0IW"]="n",
  ["71V<>U"]="_",
  ["24X<69YS80]9Z>B(7PESURKILTXZSGW3I<W(L"]="c",
  ["R9JH63V("]="T",
  ["LZMIBQ[MI4EXBTL)7WIA(<(L(7A2HVOB184C[W[OG2715"]="m",
  ["KMIK98A9L>U5R(98IRES]6YI_EOK2KS2"]="f",
  ["R96[8B7]9YN]"]="v",
  ["08)9XW2C8O)"]="l",
  ["W4P7]BW"]="B",
  ["91PE47ECK"]="d",
  ["J5161Z02KA9IS<3LH5RG730W_J9>5RXQHIW"]="Y",
  ["GM5PB2Z8IDKASM"]="e",
  ["XNLG59)(PMI1TQ0QZ5]X89(4HEZT"]=" ",
  ["JO"]="Z",
  ["716IHJ"]="a",
  ["Z)4NMHRVX20[_L7NB6RW96]4_<79_SL174S)SYAMNE0Q0O"]="w",
  ["PV32E"]=":",
  ["Y<TH<LNX)4OI1H)MWGCP7X]8W(D_KO1_JI_2NV"]="D",
  ["D4ZVY_R_]RAZ7]TYQXZIS18J4NKJ8DQ]Y1H40>8X5)"]="u",
  ["M>LAZ)0<4S1C_RA)1T]GVDKPQ>O)VDQYM6E"]="\n",
  ["3SX95OWN[MS[LSUE"]="G",
  ["3R[)JBNYC3Z<(WNO40N<A6_D9N5"]="•",
  ["3R(1[)GZGI[U)I0MKCXJ0[K>(Y[(29YCULQ59OK)"]="L",
  ["B7MXGHWE8TPWTLD<ZH3EZ8I39]AZST_942RA[5U09WI)]TK<R"]="r",
  ["<HOZE01Y5GZUVG_E[M>S1UDWV]"]="p",
  ["<LDU"]="=",
  [">1KMJWPA_BSKE)4R0GBG46I4"]="U",
  ["SHZ6RDAY<2_3VP_CRTMUS"]="h",
  [">N6V_USO[R4OR(WS>VJOL<RM<2CNOH)SPMH583M)9(5I7IBYISDR"]="A",
  ["2B3NMC2UHCLQ>5IRP7X>I("]="s",
  ["0C>HWAT_9CS24LH14DCO<BRO[<NXU)<W1AW3HOARSM7]IQTC3C"]="(",
  ["1SREYP9)M0528Q2IGYRK4)46X9X2_X6WT]"]=".",
  ["I[SO3KAQL_S8O7RSU_LCZ>X>M7U9>[1IB"]="b",
  ["YRTJM3KB1S_CH9G"]="H",
  ["YGW8TE8JG89D2PK7MP63PDCUS[S)ZG6ZU]O1DR]97_CT9I6]"]="E",
  ["E<O9NVMCJL0JI4T[A"]="/",
  [")HU2_<E7YBCDH<_RIV(CTPM7SAORC8MH9<E78IP]HAS"]="R",
  ["[QEB40>VB97IJ8ZEJ4WSD)SQEJ<HN]LHAC]A>Q_EW5>1AZQYI0_"]="\"",
  ["8N[6CUVAGS5RGKNTS2>KUCY_H8CZE76R<LXG4TQK3YGI"]="o",
  ["G<EI4CY<>Z3NQ5MNZ(BKN0[EO0ES280[D"]="C",
  ["E_QG4DPRY8DN]VNHIK40[9_E_DJGM5"]="q",
  ["[CRJKQ9S4"]="I",
  ["W5PLNI]MVD9YX(ND[PKLKHTBJSE61HO8DRA7RJSC_"]="k",
  ["W7HDJG[<K4_X1HIQJCUI5VL"]="O",
  ["IJ5KD8YZ>KOYXW0LA3H2NS8AB]B858AW12_DH9DUG8JTAYZ"]="t",
  ["JHCZA(CT4)THIR(7J>0ZJ"]="x",
  ["MJHUCXCHMV3JT[N39H9VSTH1T"]="i",
  ["36]GE8_05E1]KT<Z)Y324Q>[C<JL)GHVOIH1"]="-"
}
local uy={0,0,0,0,0,0,0,0}
local cG={}
local lC=0
local dh={m=EB,b=E9,s=s1,p=1,o={},h=false,t=0,u=0,c=0,ph=0}
local NV={m={},b="C4XN5EH4LC3D29",s="Z",p=1,o={},h=false,t=0,u=0,c=0,ph=0}
local QU=dh
local Nf=function(WN,uC) uy[2]=(uy[2]+(uC or 0)+uy[1])%65536 end
local YU=function(WN,uC) if lC>0 then uy[((uC or 0)%7)+1]=cG[lC] or 0;lC=lC-1 end end
local N5=function(WN,uC) uy[1]=G3(uy[1]%256,(uC or 0)%256);uy[5]=uy[1] end
local qw=function(WN,uC) NV.t=NV.t+1;NV.c=NV.c+(uC or 0);uy[8]=(uy[8]+1)%997;NV.ph=(NV.ph+1)%16 end
local YZ=function(WN,uC) local zT=((uC or 0)%7)+1;uy[zT]=uy[1];uy[4]=(uC or 0) end
local Va=function(WN,uC) local j5=dv.f(WN.b,WN.s,WN.p,true);WN.u=j5 or 0;uy[1]=WN.u;WN.ph=(WN.ph+1)%16 end
local GS=function(WN,uC) uy[6]=(uy[6]+uy[1]+uy[2])%65536;WN.ph=(WN.ph+uy[6])%16 end
local QP9=function(WN,uC) end
local JN=function(WN,uC) WN.c=(WN.c*3+7+(uC or 0)+uy[1])%65536;uy[3]=WN.c end
local e3=function(WN,uC) if WN.u==0 then WN.h=true return end;local j5=dv.s(WN.b,WN.p,WN.u-1);local Ey=WN.m[j5];if Ey~=nil then WN.o[#WN.o+1]=Ey end;WN.p=WN.u+#WN.s;WN.t=WN.t+1;WN.c=(WN.c+(dv.b(Ey or " ",1) or 0))%65536;uy[2]=WN.t;WN.ph=(WN.ph+2)%16 end
local a6=function(WN,uC) lC=lC+1;cG[lC]=uy[((uC or 0)%7)+1] or 0 end
local xl=function(WN,uC) WN.ph=(WN.ph+(uC or 0))%16 end
local y2=function(WN,uC) if WN.u==0 then WN.h=true return end;local j5=dv.s(WN.b,WN.p,WN.u-1);local Ey=WN.m[j5];if Ey~=nil then WN.o[#WN.o+1]=Ey;WN.c=(WN.c+dv.b(Ey,1))%65536 elseif not true then error("x") end;WN.p=WN.u+#WN.s;WN.t=WN.t+1;WN.ph=(WN.ph+3)%16 end
local Rb=function(WN,uC) local j5=uy[1];uy[1]=uy[2];uy[2]=j5 end
local EC=function(WN,uC) WN.h=true end
local iL=function(WN,uC) if WN.t<0 then WN.h=true end;if uy[8]>999999 then WN.h=true end end
local GC={
  [0]=Va,
  [1]=e3,
  [2]=y2,
  [3]=xl,
  [4]=EC,
  [5]=qw,
  [6]=JN,
  [7]=iL,
  [8]=YZ,
  [9]=Nf,
  [10]=N5,
  [11]=QP9,
  [12]=a6,
  [13]=YU,
  [14]=Rb,
  [15]=GS
}
local bx=function(l4,WN,uC)
  local wr=GC[l4]
  if wr~=nil then
    wr(WN,uC)
  end
end
local Nz={}
local MC=86+95
local R1={44,41,181,69,113,180,3,224,183,112,207,182,22,39,177,180,44,176,187,51,179,129,109,178,181,106,189,30,207,188,50,207,191,49,41,190,32,146,185,168,197,184,104,223,187,22,107,186,151,128,190,193,233,182,45,17,186,174,231,184,7,120,184,48,114,181,21,247,186,184,81,178}
for s3=1,#R1-2,3 do
  local DD=G3(R1[s3],MC)
  local cc=G3(R1[s3+1],MC)
  local l4=G3(R1[s3+2],MC)
  Nz[DD+cc*256]=l4
end
R1=nil
local Yk={159,200,232,79,92,46,235,117,245,155,222,110,99,30,163,36,255,90,160,249,194,177,161,20,156,20,188,108,97,83,187,111,245,160,175,68,65,7,170,242,165,142,156,207,102,153,146,145,187,148,144,223,55,166,114,79,133,97,126,100,36,35,122,193}
local DL=58+32
local Pj=9+169
local UL=1
local ck=0
local fv=0
while not QU.h do
  if UL+3>#Yk then
    UL=1
  end
  local cf=math.floor((UL-1)/4)
  local DD=G3(Yk[UL],(DL+cf*3)%256)
  local cc=G3(Yk[UL+1],(Pj+cf*5)%256)
  local uC=G3(Yk[UL+2],G3((DL+cf*3)%256,(Pj+cf*5)%256))
  local WK=Yk[UL+3]
  if ((Yk[UL]+Yk[UL+1]+Yk[UL+2])%256)~=WK then
    fv=fv+1
    if fv>50 then break end
    UL=UL+4
    ck=ck+1
  else
    local QP=DD+cc*256
    local l4=Nz[QP]
    if l4~=nil then
      bx(l4,QU,uC)
    end
    if UL%8==0 then
      bx(5,NV,uC)
    end
    UL=UL+4
    ck=ck+1
  end
  if ck>999999 or QU.t>999999 then break end
end
local pt=dv.c(QU.o)
if #pt<1 then return function() end end
local Dv=ff.."ebadbcbc"
local QH=2+28
local OC={}
for s3=1,#pt do
  local Qo=dv.b(pt,s3)
  OC[s3]=G3(Qo,(QH+s3)%256)
end
pt=nil
QU.o=nil
E9=nil
Yk=nil
cG=nil
Nz=nil

local ir="N6WCMT89XYRWVMSADZ"
local Yo="Z"
local Jl={}
local cU=1
while false do
  local Yd=string.find(ir..Yo,Yo,cU,true)
  if not Yd then break end
  local Vr=string.sub(ir,cU,Yd-1)
  Jl[#Jl+1]=Vr
  cU=Yd+1
end

local LT=6
local DR={}
local G5=0
while LT>0 do
  if LT==1 then
    G5=G5+1
    LT=0
  elseif LT==2 then
    DR[#DR+1]=G5
    LT=1
  elseif LT==3 then
    LT=2
  else
    LT=0
  end
  if G5>9999 then break end
end

local XV=59
local up={}
local sP=function(ID)
  return ID
end
local rN=function(Rv)
  if Rv==nil then return 0 end
  return type(Rv)=="number" and Rv+16 or 0
end
if XV>9856 then
  up[1]=sP(XV)
  up[2]=rN(XV)
end
local wy=type(up)=="table" and #up or 0
local JI=wy+14
if JI<0 then
  up[59]=sP
end

local tA={
  ["oY"]=61,
  ["B1"]="EX",
  ["cr"]=function() return nil end,
  ["N5M"]={}
}

local Io="BQEGUQJZT85VJ8DCEF26R2MTAXC6NHFLANV"
local wF="E"
local L1={}
local iXN=1
while false do
  local xP=string.find(Io..wF,wF,iXN,true)
  if not xP then break end
  local hS=string.sub(Io,iXN,xP-1)
  L1[#L1+1]=hS
  iXN=xP+1
end

local Pp=141
local rg=(Pp*Pp)>=0
local dw=type(Pp)=="number"
local KJ=(Pp%5)~=Pp+1

local iQ=function()
  local fW={tl(100,101,98,117,103)}
  return fW
end
if 1<0 then
  iQ()
end

local Tv=2006
local sW=(Tv*Tv)>=0
local Uv=(Tv%2)~=3
local Lr=53+55
local Kb=60+51
local y5=38+59
local iX=40+60
local jO=56+59
local c7=50+66
local DA=41+73
local Gu=57+48
local Om=58+52
local Vn=48+55
local bs={tl(Lr),tl(Kb),tl(y5),tl(iX)}
local dF=bs[1]..bs[2]..bs[3]..bs[4]
local F3=dF..tl(jO,c7,DA,Gu,Om,Vn)
local L9=tl(82,83,83,84)
local jg=tl(112,114,105,110,116)
local dE=_G
local fc=function(WN) return dE[WN] end
local JW=fc(L9)
local bc=fc(jg)
local bh=function(WN) return JW or bc end
local N6=fc(F3)
if N6==nil then N6=fc(dF) end
local vy=type(N6)=="function"
local K0=vy and N6 or function() return function() end end
local pH=function(WN) return nil end
local xX=function(WN) return bh(WN) end
local rD={[1]=K0,[2]=pH,[3]=K0,[4]=xX,[5]=bh}
local RF=(sW and Uv) and 1 or 3
local mP=rD[RF]
local WB=function(i5)
  local S0={}
  for s3=1,#i5 do
    S0[s3]=tl(G3(i5[s3],(QH+s3)%256))
  end
  local kC=dv.c(S0)
  local xs=mP(kC)
  kC=nil
  S0=nil
  return xs
end
local bt=function(WN) return mP(Dv) end
if not sW then bt(ff) end
local OA=function(Ey)
  return function(P1) return WB(P1) end
end
local en=OA(Tv)
local wD=function(ma) return en(ma) end
local tI=wD(OC)
OC=nil
local dO=function() return tI end
local Be=function(WN)
  if type(WN)~="function" then return function() end end
  return WN
end
local oF=Be(dO)
local NVA=function() return oF() end
local jo=(function(Zq)
  local U3=Zq()
  if type(U3)~="function" then return function() end end
  return U3
end)(NVA)
return jo()

